Feature	Gain	Cover	Frequency
ctrx_quarter	0.113065805751362	0.0191614591899615	0.0231095309722412
mcaja_ahorro	0.0483649457154137	0.0145315078813457	0.0228199580119208
mpasivos_margen	0.0433747580941621	0.018069820061789	0.0213962242903452
mpayroll	0.0378015893841622	0.0169951644193437	0.00940307751707274
mcuentas_saldo	0.0358424971533231	0.0215933703223563	0.02580416824189
mprestamos_personales	0.0316948339768504	0.0245865147895804	0.00780238254196797
cpayroll_trx	0.0298628332523103	0.0064359571014207	0.00277507420307108
mtarjeta_visa_consumo	0.0250108376570792	0.0091661813340427	0.013416880494848
mrentabilidad_annual	0.024550308655916	0.0292881785343601	0.0293192622324467
ctarjeta_visa_transacciones	0.0241718146454122	0.0168800973488641	0.0155162844571714
mcuenta_corriente	0.0230259136822386	0.0146537028439649	0.0205998986494639
Visa_msaldototal	0.0196153530303938	0.0104262010084711	0.0169480618720892
cliente_edad	0.0186257528934655	0.030184649187284	0.0312899671012942
cproductos	0.0182290858543134	0.0109673347925664	0.01115660266568
Visa_mpagominimo	0.0169276061107058	0.0159783405311472	0.0206803355828862
cprestamos_personales	0.0168125245484824	0.0120977326038703	0.00485839077870995
Visa_msaldopesos	0.0164663468297067	0.0142813970135746	0.0176317758061792
Master_fechaalta	0.0157919657347606	0.0194064932303699	0.0284666307381697
mactivos_margen	0.0155700935910767	0.0238132807345433	0.0227958269318941
Master_Fvencimiento	0.0155194533274404	0.0178290018183172	0.0274209506036792
Visa_fechaalta	0.0143836550408242	0.0143390838419101	0.0246217453205814
Visa_Fvencimiento	0.0143345447813889	0.0179461846808335	0.025530682668254
mrentabilidad	0.0136399882312987	0.0164277902041504	0.0218225400374836
numero_de_cliente	0.0133622434387777	0.0224112939719733	0.025667425455072
chomebanking_transacciones	0.0121105859362511	0.0185588490332801	0.0229567007987388
mautoservicio	0.0121048704679585	0.0140847625448287	0.0164171781115017
cliente_antiguedad	0.0118581176243526	0.0180430835988614	0.0224982102782314
Master_status	0.0114527435459672	0.00460250505603018	0.00153634542836689
mcomisiones_otras	0.0114361970195965	0.0121981470014588	0.019578349595
Visa_mconsumospesos	0.0114314037010006	0.0100632979965931	0.0193209514080485
Master_mfinanciacion_limite	0.0111771599254174	0.0146898402309484	0.02162949139727
mtransferencias_recibidas	0.0107816753781434	0.0154664707305366	0.0186694122473275
ctarjeta_debito_transacciones	0.0106084240337048	0.0128629736316865	0.0130790453744741
mcomisiones	0.0105706657109641	0.0125527071431706	0.0187739802607765
Visa_mpagospesos	0.0105505038226868	0.0144977944513038	0.0206240297294906
Visa_mfinanciacion_limite	0.0104883984816691	0.0140189627070347	0.0189670289009902
mcomisiones_mantenimiento	0.0103941762923378	0.0125907566681296	0.0110359472655464
Visa_status	0.00972165670180669	0.00899791950705341	0.00200287964221652
ctarjeta_visa	0.0084160365817145	0.000555971797969196	0.000490665293876336
Master_mlimitecompra	0.00836715099725129	0.0105342169122948	0.0155967213905937
mcaja_ahorro_dolares	0.00814393374623732	0.0119627775302862	0.0139879827221467
ccomisiones_mantenimiento	0.00793404169929604	0.00980661052348981	0.005236444365795
ccomisiones_otras	0.00786841281776119	0.0183509671769907	0.013143394921212
Visa_mlimitecompra	0.00757286365184703	0.0114624279189381	0.0149049637631615
mtransferencias_emitidas	0.00725818580197427	0.0165619606570495	0.013827108855302
Visa_cconsumos	0.00706465323661197	0.0093429716879237	0.0141086381222802
mttarjeta_visa_debitos_automaticos	0.00634262424791577	0.0107808760805368	0.0128618656542338
Visa_mconsumototal	0.00634104837868849	0.00626014807594588	0.0125883800805978
mcuenta_debitos_automaticos	0.00623794983948367	0.014473961874268	0.0093950338237305
ccaja_seguridad	0.0061213889390728	0.0128348185366711	0.00233267106924816
ctarjeta_master	0.00523763793606077	0.00042079602021646	0.000571102227298687
ccajas_consultas	0.00494073927064311	0.0106696143414443	0.00258202556285744
ctransferencias_recibidas	0.00478220985009561	0.00781052539676542	0.00908132978338334
Master_msaldopesos	0.00455958173610921	0.008051600339077	0.00760933390175433
mextraccion_autoservicio	0.00446706236331439	0.0059863685016161	0.00784260100867915
mpagomiscuentas	0.00445757772710899	0.0118991736831824	0.00832522260921325
Master_mpagospesos	0.0042447372886592	0.0124780153586023	0.00781846992865244
Master_msaldototal	0.00410462745333768	0.00892407201854621	0.00742432895488293
Visa_mconsumosdolares	0.00386659157810389	0.00769033918939723	0.00719106184795811
ccallcenter_transacciones	0.00359405745124558	0.00836155297931877	0.00313704040347166
Master_mpagominimo	0.00356606606231612	0.00790807379758979	0.00663604700734389
ctransferencias_emitidas	0.00351940215962394	0.0112724553060616	0.00706236275448235
cextraccion_autoservicio	0.00323853288892612	0.0036922648626321	0.00435968179149138
internet	0.00291592282770432	0.00835985017877355	0.00276703050972885
ctarjeta_visa_debitos_automaticos	0.00290738051719721	0.00652799105545807	0.00614538171346756
ccaja_ahorro	0.00290613259847622	0.00783191286209672	0.00256593817617297
thomebanking	0.00267715484838803	0.00336519865065816	0.00352313768389894
cdescubierto_preacordado	0.00265037851337517	0.00797730481163533	0.00196266117550535
tcallcenter	0.00264566408370578	0.00298059432517479	0.00180178730866064
cmobile_app_trx	0.0025599022675087	0.00253986893955616	0.00463316736512737
Master_mconsumospesos	0.002520695488219	0.00697633057702107	0.0053973182326397
ctarjeta_debito	0.00251037644323824	0.00399305307012307	0.00474577907191866
cpagomiscuentas	0.00250641033799837	0.00452781927057369	0.00506752680560806
ccuenta_debitos_automaticos	0.00238558204199797	0.00420290673976403	0.00407815252451316
Master_fultimo_cierre	0.00231502025582036	0.0052474351580996	0.00418272053796221
matm	0.00227792763566533	0.0042008095765485	0.00474577907191866
mtarjeta_master_consumo	0.00219416912915913	0.0037700291397103	0.00274289942970214
Visa_fultimo_cierre	0.00186038839244076	0.00247832089337024	0.00353922507058341
ctarjeta_master_transacciones	0.00166746134759604	0.00197542829007131	0.0015846075884203
mplazo_fijo_dolares	0.00150725227579777	0.0107738792216304	0.00262224402956862
Master_mconsumototal	0.00148257664924118	0.00416016401485993	0.00310486563010272
tmobile_app	0.00144623746074417	0.00560796220593112	0.00111807337457067
Master_cconsumos	0.00138770410846797	0.00179433183683267	0.00261420033622638
catm_trx	0.001223731654131	0.0040494519838611	0.00282333636312449
ccajas_transacciones	0.00110398045929424	0.00178895694833252	0.000844587800934677
Visa_mpagosdolares	0.00103716884424949	0.00307060815722285	0.0020430981089277
Visa_mpagado	0.000930969389997445	0.00317149743187793	0.00185809316205629
matm_other	0.000846927565811854	0.00292191732763668	0.00189831162876746
catm_trx_other	0.00077969647872487	0.00698646086678426	0.00219592828243016
Visa_msaldodolares	0.000651099993970733	0.00414812158712124	0.00161678236178924
mttarjeta_master_debitos_automaticos	0.000563806456022087	0.00492767807459244	0.00141569002823336
Master_mconsumosdolares	0.000459076291707756	0.000378920956335588	0.000868718880961382
ccajas_otras	0.000405581430510452	0.00475622661454032	0.000941112121041497
cseguro_vivienda	0.000382087279086276	0.00234716167889133	0.000916981041014792
cplazo_fijo	0.000327600460811939	0.00162082583883363	0.000506752680560806
active_quarter	0.000316681338888136	0.000729829849112671	0.000611320694009862
Master_mpagosdolares	0.00030652395679397	0.000270105276175735	0.000563058533956452
cseguro_vida	0.000265736538883038	0.00267889267396468	0.000619364387352097
tcuentas	0.000246166736056026	0.00442140449813604	0.000772194560854562
Master_madelantopesos	0.000233311684731328	0.000085917385863432	0.000233267106924816
cseguro_accidentes_personales	0.000179530333030823	0.000575021819867107	0.000418272053796221
Master_mpagado	0.000168953615589062	0.000938977833751119	0.000418272053796221
ctarjeta_master_debitos_automaticos	0.000145299520682509	0.000203465562718855	0.000233267106924816
ccajas_extracciones	0.000138364454583237	0.00417132646760891	0.000788281947539032
Visa_delinquency	0.000119239480499365	0.000417213918939704	0.000289572960320461
Master_msaldodolares	0.000105260621511882	0.000169138013066241	0.00017696125352917
mcheques_depositados	0.000103641466827423	0.000466607132974903	0.0000884806267645852
Master_cadelantosefectivo	0.0000841484954192951	0.0000563900729415816	0.0000804369334223502
ccheques_depositados	0.0000831156426217412	0.000399477071057662	0.0000643495467378802
cinversion1	0.0000702716407250837	0.00128585974374427	0.000201092333555876
Visa_cadelantosefectivo	0.000065900165374223	0.0000451723652147779	0.0000723932400801152
Master_madelantodolares	0.0000520004627932414	0.0000705763938199111	0.00014478648016023
cinversion2	0.0000489875268686095	0.000721780303943027	0.00011261170679129
Master_delinquency	0.0000455970176741911	0.0000822361413693202	0.000120655400133525
ctarjeta_visa_descuentos	0.0000423102487430707	0.00118913258976175	0.000225223413582581
Visa_madelantopesos	0.0000405558175299407	0.0000743264702292572	0.000217179720240346
Visa_madelantodolares	0.0000394136744032535	0.0000882488301849452	0.000168917560186935
minversion2	0.0000365032580161936	0.000515557359959305	0.0000804369334223502
mtarjeta_visa_descuentos	0.0000309437024608349	0.00108417370705413	0.000201092333555876
cseguro_auto	0.00000675731303646502	0.000767871796246093	0.000120655400133525
mcaja_ahorro_adicional	0.00000530519087812035	0.000057182587194967	0.00001608738668447
Visa_Finiciomora	0.00000497284219886887	0.000183727537411332	0.0000321747733689401
