Feature	Gain	Cover	Frequency
ctrx_quarter	0.0887803616781037	0.0201859990852386	0.0231223642275376
mpasivos_margen	0.0527806291950267	0.0182889720476055	0.0210217944177961
mcaja_ahorro	0.0521452942763293	0.0165704426761514	0.0236293983195442
mpayroll	0.0334104743232837	0.014541836317842	0.00799182306924637
cpayroll_trx	0.0333327566594193	0.00712468467097909	0.00284100054727489
mcuentas_saldo	0.033078672675762	0.022771644076588	0.0267923252744423
mtarjeta_visa_consumo	0.032571634061277	0.00952660364724307	0.0147361813089528
mprestamos_personales	0.0283030975255935	0.0232340734938104	0.00727553681228471
mcuenta_corriente	0.024951226400562	0.016226261607058	0.0213678653059911
mrentabilidad_annual	0.0235862208353084	0.0277336506128075	0.0275005633712133
cproductos	0.0221930735884034	0.0123910434487598	0.0115008209123394
Visa_msaldopesos	0.0210954176955077	0.014868693978226	0.0181888420307118
cliente_edad	0.01940463413851	0.0296952475848728	0.0320880146798442
Visa_msaldototal	0.0185015893235974	0.0103012048186844	0.0170379551234588
Visa_mpagominimo	0.01791720317618	0.015254412379809	0.0211505649808454
Master_status	0.0169785297688623	0.00440614922501696	0.00145671699449506
Master_fechaalta	0.0165578816501219	0.0190770809772642	0.0293757846956186
cprestamos_personales	0.0156649446453427	0.0129470559631806	0.00487718507549174
ctarjeta_visa_transacciones	0.0154117550349226	0.016844766427553	0.0154122267649615
mactivos_margen	0.0150834598803896	0.0225610961523544	0.021810514116473
Visa_fechaalta	0.0146895466368395	0.0137446214979307	0.0239271802465956
Master_Fvencimiento	0.0145744047891361	0.0165823361939427	0.0255287641245211
mautoservicio	0.0142851969598223	0.0140831013085158	0.0155088046872485
Visa_Fvencimiento	0.0139937382477022	0.0176507484836596	0.0248768631490841
mcomisiones_mantenimiento	0.013783634143113	0.0122874937023557	0.0106155232913756
mrentabilidad	0.0134101507858032	0.0161374793357904	0.022309500048289
numero_de_cliente	0.013022902044975	0.0214091213707738	0.0248285741879406
mcomisiones	0.0125254791540389	0.0139730793657356	0.0199191964716866
ctarjeta_debito_transacciones	0.0114569012206216	0.0124584546494709	0.0130782603096932
mtransferencias_recibidas	0.0113761753366729	0.0148004912093626	0.0193960660592988
Visa_mpagospesos	0.0113630402718107	0.0139819418186293	0.0213598171458005
Visa_status	0.0113446182537396	0.008087399442966	0.00189936580497698
Master_mfinanciacion_limite	0.011239905629261	0.0144321066903257	0.0211022760197019
cliente_antiguedad	0.0110852777923052	0.0176085785949039	0.0215207803496121
chomebanking_transacciones	0.0110742266907091	0.0168730035742276	0.0206354827286482
mcomisiones_otras	0.01074697731987	0.0125580332247757	0.0198387148697808
Visa_mconsumospesos	0.0100884218468441	0.00985119737192924	0.0187200206032901
Visa_mfinanciacion_limite	0.0100522949815672	0.013649548576792	0.0196375108650163
Master_mlimitecompra	0.00821857922090378	0.010984952120891	0.0161928983034478
ccomisiones_mantenimiento	0.00797474785152541	0.0100518519638149	0.00564980845378747
Visa_mlimitecompra	0.00777612156321179	0.011690826514239	0.015307600682484
mcaja_ahorro_dolares	0.00763083424631385	0.0122560858396259	0.0135933425618904
Visa_cconsumos	0.00731580740710895	0.00932904328066486	0.0142774361780897
ccomisiones_otras	0.00729846699586367	0.0193324673969194	0.0127804783826417
mtransferencias_emitidas	0.00681691083249335	0.0161222345076061	0.0131909345523613
mcuenta_debitos_automaticos	0.00665602676932165	0.014431399547646	0.0100602002382255
mttarjeta_visa_debitos_automaticos	0.00623000521630932	0.010051676447701	0.012659755979783
ccaja_seguridad	0.00583149873984383	0.0140111981013653	0.00237420725622123
Visa_mconsumototal	0.00580121427655176	0.00625947973283074	0.0115813025142452
ctransferencias_recibidas	0.00536824908378277	0.00767384285267443	0.0096255995879342
mextraccion_autoservicio	0.00502671099944372	0.0060282758154454	0.00768599298200431
ccajas_consultas	0.00488262007262819	0.0101130877268599	0.00244664069793645
ctarjeta_visa	0.00482069146879583	0.000511632011318361	0.000410456169719602
mpagomiscuentas	0.0047503276982693	0.01402526859027	0.00868396484563629
Master_msaldopesos	0.00458623099123655	0.0074158040131922	0.00757331873933619
Master_msaldototal	0.00430815418925426	0.00844644256911638	0.0070340920065673
Master_mpagospesos	0.00429404257370976	0.0116762640723928	0.00830570131667901
Visa_mconsumosdolares	0.00406424280053932	0.00758400113694324	0.00717895888999775
ctransferencias_emitidas	0.00405825161320409	0.0115318460494995	0.00780671538486302
Master_mpagominimo	0.00404919925279152	0.00869510319858881	0.00727553681228471
active_quarter	0.00371143667287666	0.00102227408636284	0.000659949135627596
cextraccion_autoservicio	0.00336261353731241	0.00369995522095154	0.00451501786691562
ccallcenter_transacciones	0.00333919420759329	0.0081722975077187	0.00333998647909088
tcallcenter	0.00324329293760825	0.00328014479791213	0.00203618452821685
ctarjeta_visa_debitos_automaticos	0.0029650060465337	0.00607723116351472	0.00601197566236358
ccaja_ahorro	0.0029040112402778	0.00828398637749804	0.00268808550365387
internet	0.00284690159957064	0.00896506570781683	0.00292953030937128
cpagomiscuentas	0.00279155038998472	0.00482704448363961	0.00546470076940411
ctarjeta_debito	0.00272097508281636	0.00385886712966817	0.00498181115796929
thomebanking	0.00265003209378621	0.00358362580668345	0.00342046808099668
ctarjeta_master	0.00258155922504114	0.000364575851102687	0.000523130412387728
cmobile_app_trx	0.00246340291549399	0.00260019473763582	0.0044828252261533
cdescubierto_preacordado	0.00244371560533842	0.00786454666480422	0.00189936580497698
Master_mconsumospesos	0.0024083452559559	0.00614439924425605	0.00480475163377652
ccuenta_debitos_automaticos	0.00236620030501678	0.00421985299385394	0.00445063258539098
Master_fultimo_cierre	0.00235266534013952	0.00599450340470649	0.0045230660271062
matm	0.00205973486849219	0.00460419138808884	0.00480475163377652
mtarjeta_master_consumo	0.00191841690441787	0.00271702054829132	0.00241444805717413
Visa_fultimo_cierre	0.00182880444344129	0.0026044394980484	0.00364581656633294
Master_mconsumototal	0.00182212668155269	0.00466313052436949	0.00359752760518945
Master_cconsumos	0.00158216174190211	0.00206055886055378	0.00301806007146766
tmobile_app	0.00145256325635169	0.00556438291756939	0.00113479058687184
ccajas_transacciones	0.0014309177243474	0.00182387046134329	0.000909442101535589
mplazo_fijo_dolares	0.00137544434652539	0.0103541764070903	0.00247883333869877
catm_trx	0.00124189632158596	0.00498347441041916	0.00319511959566043
ctarjeta_master_transacciones	0.00122447992903837	0.00212644691148025	0.00168206547983131
Visa_mpagosdolares	0.00102978101431781	0.00306137459438674	0.00202008820783569
Visa_mpagado	0.000971692982233431	0.0036891852602008	0.00193960660592988
matm_other	0.000950825112348571	0.00373868969123063	0.0021810514116473
Visa_msaldodolares	0.000932897228276163	0.00497250925543681	0.0021408106106944
catm_trx_other	0.00072333738740499	0.00616638858857375	0.00184302868364292
Master_mconsumosdolares	0.000534377617331486	0.00035307748260955	0.000885297620963848
mttarjeta_master_debitos_automaticos	0.000442728941590312	0.00504859184086696	0.00130380195087403
Master_mpagosdolares	0.000427934300693236	0.000244043571769284	0.000595563854102952
ccajas_otras	0.000374477152438741	0.00480914215740423	0.00092553842191675
cplazo_fijo	0.000367042322663465	0.00165435331676408	0.000474841451244246
cseguro_vivienda	0.000336351274052278	0.00287574138883326	0.000893345781154428
cseguro_vida	0.000286929945439121	0.00231946893282595	0.000667997295818176
tcuentas	0.000258183637726255	0.00427892924218022	0.000772623378295722
cseguro_accidentes_personales	0.000193862913948478	0.000534431649739043	0.000386311689147861
Master_madelantopesos	0.000152987668375399	0.000101633034266264	0.000241444805717413
ccajas_extracciones	0.000126571257644955	0.00332634171823016	0.000651900975437015
ccheques_depositados	0.000115181872092436	0.00055705228076682	0.0000885297620963848
Master_msaldodolares	0.000107637597893922	0.00026345698700753	0.000209252164955091
Master_mpagado	0.000106955525652136	0.00103532416965014	0.00036216720857612
Visa_delinquency	0.000101455379279959	0.000343478052470572	0.000233396645526833
ctarjeta_master_debitos_automaticos	0.000100258384032312	0.000247102249509384	0.000201204004764511
Master_madelantodolares	0.0000898342947203095	0.0000780145322397442	0.000128770563049287
mcheques_depositados	0.0000833377198058986	0.000369053575037245	0.0000885297620963848
Visa_madelantopesos	0.0000788320544752778	0.0000835059966227697	0.000169011364002189
Master_cadelantosefectivo	0.0000701901839604865	0.0000346998213808691	0.0000643852815246435
mtarjeta_visa_descuentos	0.0000537436852596987	0.00158488575275751	0.000305830087242056
cinversion1	0.0000528112671666232	0.00103649089159396	0.000160963203811609
Master_delinquency	0.0000452881181179298	0.000029089970902891	0.0000804816019058043
minversion2	0.0000446837946826135	0.000618520689944729	0.0000965779222869652
ctarjeta_visa_descuentos	0.0000358252956145753	0.000979518297523301	0.00018510768438335
cinversion2	0.0000329789005473295	0.000518245445796982	0.0000804816019058043
Visa_madelantodolares	0.0000165739511014196	0.0000339834744202582	0.0000965779222869652
mcaja_ahorro_adicional	0.0000138445639325934	0.000186450164825358	0.0000482889611434826
Visa_Finiciomora	0.0000135488269215625	0.000444203988990524	0.0000804816019058043
cseguro_auto	0.00000984276320145683	0.00092279358425735	0.000144866883430448
Visa_cadelantosefectivo	0.00000479474994551587	0.0000109991156047711	0.0000321926407623217
ctarjeta_master_descuentos	0.00000275008959267238	0.0000173653040566683	0.00000804816019058043
minversion1_pesos	0.00000116083229741409	0.00000677752458878319	0.00000804816019058043
cforex_sell	0.000000279815485699195	0.000012379757730893	0.00000804816019058043
cforex	0.0000000784042973292114	0.00001001044888687	0.00000804816019058043
