Feature	Gain	Cover	Frequency
ctrx_quarter	0.180190561026505	0.0279248708505739	0.0235395642064386
mcaja_ahorro	0.0678523263102229	0.0159768830262952	0.022748519788096
mpasivos_margen	0.0533744373784413	0.0173379124122282	0.022460867272335
cpayroll_trx	0.0525768597471289	0.0169611771952303	0.00575305031521922
mprestamos_personales	0.0474890959220361	0.0352914753435228	0.0110985928997771
mcuentas_saldo	0.0458887622392143	0.0277311592168885	0.0267756550087494
mpayroll	0.0397609919406279	0.0308406343505847	0.0157729462808927
mtarjeta_visa_consumo	0.0379751464443272	0.0115844162939375	0.0171872378167174
mrentabilidad_annual	0.0216455675425953	0.0292184754018547	0.0313061821319846
mcuenta_corriente	0.0205207443136853	0.0144079226355098	0.0205671548769087
Visa_mpagominimo	0.0194361828691928	0.0171701733797111	0.0236114773353789
Master_status	0.0186843618710813	0.00902261612779723	0.00290049620058969
Visa_msaldopesos	0.0184821527935942	0.01331515191979	0.0201596471462473
Visa_status	0.0181351487999558	0.0201799100649849	0.00450655608025505
ctarjeta_visa_transacciones	0.0180535268017201	0.0153246573117522	0.0166598748711556
cprestamos_personales	0.0172176824456679	0.0128203267803813	0.00726322602296426
cproductos	0.0165187547731482	0.0139299582365252	0.0139751180573867
cliente_edad	0.0144179504630285	0.0295799554166045	0.0373468849629647
ctarjeta_master	0.0105201684134105	0.000905263710210773	0.00110266797708368
Master_fechaalta	0.00991756171019707	0.0184937022277349	0.0283098017594746
mcomisiones_otras	0.00955280503371739	0.0121038389687541	0.020063762974327
mcomisiones_mantenimiento	0.00945341991097454	0.0115112313752813	0.0110027087278567
mrentabilidad	0.00926812414154146	0.0136651696004339	0.0190330081261836
mactivos_margen	0.00925356156553554	0.0203927897528276	0.0196562552436657
ccaja_seguridad	0.00914983300492238	0.0267066031570203	0.00551333988541841
Visa_msaldototal	0.00894045693393919	0.00997614007127307	0.0160126567106935
Visa_fechaalta	0.00858144767791199	0.0113105934844331	0.0199199367164465
Visa_Fvencimiento	0.00852556754378945	0.0120115740415825	0.022748519788096
Master_Fvencimiento	0.0081597994219994	0.0148433989699294	0.0221013016276338
mautoservicio	0.00783572210931453	0.0154612074704148	0.0202075892322075
ctarjeta_debito_transacciones	0.00781187691084223	0.012118146385563	0.017666658676319
ccomisiones_mantenimiento	0.00751575839586503	0.0181159182317672	0.0072152839370041
mtransferencias_recibidas	0.00730114461895849	0.0111202465753765	0.0184097610087015
cliente_antiguedad	0.00650739311965336	0.0121651765694191	0.0194165448138649
numero_de_cliente	0.00639907768428759	0.0117102663175314	0.0202555313181677
ccajas_consultas	0.00630953522621876	0.0208708551453427	0.00496200589687657
Master_mfinanciacion_limite	0.0061642553335862	0.0125208291711447	0.0196322842006856
mcuenta_debitos_automaticos	0.00606212907219729	0.0198471165288361	0.0139271759714265
chomebanking_transacciones	0.0059351057283346	0.0143953933953903	0.0187693266534027
mcomisiones	0.00551750366536941	0.0113268603483706	0.0177865138912194
Visa_mpagospesos	0.00521214632235827	0.00891530489097883	0.0167078169571158
Visa_mfinanciacion_limite	0.00520815970932358	0.00716736670044543	0.0144065968310281
mcaja_ahorro_dolares	0.00468925370340553	0.0128146435205159	0.0133998130258648
ccomisiones_otras	0.00456724204837515	0.0118567397379518	0.0106910851691157
mtransferencias_emitidas	0.00419619594965606	0.0120126625274103	0.0145983651748688
Visa_mlimitecompra	0.00411932740694086	0.00695947712883635	0.012584797564542
Visa_mconsumospesos	0.00404097144784005	0.00602729130563296	0.014382625788048
ccallcenter_transacciones	0.0040155871897024	0.0140346246513163	0.0054174557134981
Visa_cconsumos	0.0039090516537138	0.00647936424355079	0.0122492029628209
tcallcenter	0.00390820730251686	0.00536264511323394	0.00345183018913153
Master_mlimitecompra	0.00389428231562488	0.00766646291667888	0.0129683342522233
cdescubierto_preacordado	0.00345281854099691	0.0158543260823469	0.00395522209171321
ccaja_ahorro	0.00335646305662124	0.0155371200775847	0.00484215068197617
internet	0.00320020497942966	0.0152854450629813	0.00467435338111561
ctarjeta_visa	0.00301956796121887	0.00119706768409195	0.000982812762183283
Master_msaldopesos	0.00297989989719213	0.00555054746093896	0.00786250209746626
mttarjeta_visa_debitos_automaticos	0.00291987390892599	0.0058307967391095	0.010762998298056
thomebanking	0.00281567275410555	0.00388885688218803	0.00431478773641441
ctransferencias_recibidas	0.00279670089499626	0.00831980387601931	0.00848574921494834
mpagomiscuentas	0.00271629900250978	0.0109064657144932	0.0080542704413069
Master_msaldototal	0.00265581662479602	0.00592355713881492	0.0061365870029005
Visa_mconsumototal	0.00238597950447667	0.00346592791493197	0.00850972025792842
Visa_mconsumosdolares	0.00228871490298023	0.00714090207951368	0.0073351391519045
Master_mpagospesos	0.0022810003191688	0.00756889108160134	0.0072152839370041
mextraccion_autoservicio	0.00224337660419739	0.00577686187790466	0.00922885154733082
Master_mpagominimo	0.00213993980126352	0.00635979739865681	0.00587290553011962
ctransferencias_emitidas	0.00193200643307437	0.00883628651695048	0.00644821056164154
mtarjeta_master_consumo	0.00188414967961862	0.00204702405691531	0.00263681472780881
tmobile_app	0.00185565629629537	0.0149038146809321	0.00280461202866937
mplazo_fijo_dolares	0.00167480969017073	0.0121379445702947	0.00345183018913153
matm	0.00151504353889551	0.00625221166660189	0.00675983412038258
ccajas_transacciones	0.00149321585508225	0.00228294321758132	0.00115061006304384
ccuenta_debitos_automaticos	0.00149068345119591	0.0044758485448156	0.00474626651005585
cmobile_app_trx	0.00141443229191416	0.00384494541307881	0.00539348467051801
cpagomiscuentas	0.00136227918438929	0.00373899715732474	0.00467435338111561
ctarjeta_visa_debitos_automaticos	0.0013063198737679	0.00325496537778202	0.00479420859601601
Master_mconsumospesos	0.00122134861261401	0.00275117166759539	0.00393125104873313
cextraccion_autoservicio	0.00101486388467889	0.00325853467904928	0.00491406381091641
ctarjeta_debito	0.000974062336371182	0.00243867265190467	0.00290049620058969
ctarjeta_master_transacciones	0.000768204418919813	0.000550520913451541	0.000982812762183283
Master_fultimo_cierre	0.00074069327071165	0.0015722206691134	0.00218136491118729
Visa_fultimo_cierre	0.000733553392883175	0.00126451323536574	0.00213342282522713
Master_cconsumos	0.000649024140847721	0.0011053595161265	0.00210945178224705
Master_mconsumototal	0.000596958074911952	0.00157601957960366	0.00239710429800801
Visa_mpagado	0.000564449435626192	0.00451948465549573	0.00227724908310761
catm_trx	0.000551002256786003	0.00158851947117588	0.00273269889972913
cplazo_fijo	0.000478917932792324	0.00324727174242651	0.00100678380516336
Visa_mpagosdolares	0.000454319312766848	0.00289504515200199	0.001797828223506
ccajas_otras	0.00039082859520967	0.00482593614405746	0.00100678380516336
catm_trx_other	0.000349361891829	0.0015282366918285	0.00105472589112352
Visa_msaldodolares	0.000348785895100065	0.00123744869559946	0.00105472589112352
matm_other	0.000312554097539526	0.00179083713476075	0.00186974135244625
Master_mconsumosdolares	0.000300998364435967	0.000294384056465901	0.000815015461322722
mttarjeta_master_debitos_automaticos	0.000275359041848246	0.0047021948999063	0.00117458110602392
Master_mpagosdolares	0.000274987264307933	0.000255864951326828	0.000815015461322722
cseguro_vida	0.00023064963935368	0.00272429530380886	0.000671189203442242
active_quarter	0.000213648142323836	0.000396100942253324	0.000551333988541841
tcuentas	0.00020546738155836	0.00362246529749864	0.000743102332382482
cseguro_vivienda	0.0000942917208335165	0.000855710414479357	0.000335594601721121
Master_msaldodolares	0.0000877449775104731	0.000231195770935793	0.000191768343840641
Master_madelantopesos	0.0000653486286696318	0.0000375834043957334	0.0001198552149004
Master_madelantodolares	0.0000515861957376223	0.0000592564433844352	0.0001198552149004
Master_mpagado	0.0000380797706823653	0.0000673885805643204	0.0000958841719203203
cseguro_accidentes_personales	0.000037294890821555	0.000198851945425731	0.00014382625788048
ctarjeta_master_debitos_automaticos	0.0000352603701065001	0.0000429964849875029	0.0000719131289402402
Master_cadelantosefectivo	0.0000305914374857753	0.0000406494643960468	0.0000958841719203203
Master_delinquency	0.0000255535942687129	0.000053629291035887	0.0000958841719203203
Visa_cadelantosefectivo	0.00001777413921718	0.0000746204078961407	0.0000479420859601601
Visa_madelantopesos	0.00000941322178511147	0.000108384185179997	0.0001198552149004
Visa_madelantodolares	0.00000803282601118922	0.000068034248604927	0.0000239710429800801
ccajas_extracciones	0.00000400844312821213	0.0000849010313769212	0.0000239710429800801
cforex	0.00000112617497658439	0.0000393477700040219	0.0000239710429800801
Visa_delinquency	0.00000000522386998448534	0.0000244240337018208	0.0000719131289402402
