Feature	Gain	Cover	Frequency
ctrx_quarter	0.197098082554068	0.0309926371867412	0.0250598945855295
mcaja_ahorro	0.0645462194360805	0.0149403282558949	0.0223047436511739
mcuentas_saldo	0.0464447604848226	0.0280728110744869	0.0286296118830858
mpayroll	0.0457008060456483	0.0308976751767238	0.0160277910876857
cpayroll_trx	0.0449801622702306	0.0178171035564506	0.00618112122664111
mprestamos_personales	0.0421410948770241	0.0359937089204261	0.0118830857690465
mtarjeta_visa_consumo	0.0375505902310263	0.0108386982099739	0.0151892668902731
mpasivos_margen	0.0372123204143585	0.0150037304700617	0.0200047915668424
mrentabilidad_annual	0.0234555673853053	0.0289552014940582	0.031648298993771
mcuenta_corriente	0.0220859469453393	0.0151944291169148	0.0192141830378534
cproductos	0.0208928108050742	0.0146906485408196	0.0149017728797317
ctarjeta_visa_transacciones	0.0193013378033661	0.013374854847299	0.0168663152850982
Visa_msaldototal	0.0185113446297339	0.0110477862734608	0.0171777671298515
Visa_mpagominimo	0.0183130719564253	0.0177456474636747	0.0235505510301869
cprestamos_personales	0.0171623148406653	0.0110756538825307	0.00680402491614758
Visa_status	0.0171539679961652	0.0210394287652652	0.00500718735026354
Master_status	0.0161159927251156	0.00967749900500952	0.00285098227120268
cliente_edad	0.0135644094701997	0.0290522168252188	0.0352419741255391
Visa_msaldopesos	0.0126832734710285	0.0128677060662736	0.0203162434115956
mactivos_margen	0.0107240615981323	0.0194726309946898	0.0209870627695256
mcomisiones_mantenimiento	0.0105233546524751	0.0129602046079115	0.0124580737901294
mrentabilidad	0.0103858794554176	0.0134191516104761	0.0210349784379492
ccomisiones_mantenimiento	0.00998363284308281	0.018212414836653	0.00778629611883086
Master_fechaalta	0.0096828489892665	0.019138329115891	0.028941063727839
ccaja_seguridad	0.00883958854852023	0.0264786480390407	0.00555821753713464
Master_Fvencimiento	0.00856174234086571	0.0154499741098004	0.0233349305222808
Visa_fechaalta	0.00839602624713267	0.0103824826501386	0.0197412553905127
Visa_Fvencimiento	0.0077275798367977	0.0119613306499157	0.019932918064207
ctarjeta_debito_transacciones	0.00741887450880256	0.013221544222991	0.0191662673694298
Visa_mconsumospesos	0.00740242822572009	0.00622408081648679	0.0144465740297077
mautoservicio	0.00687997130127031	0.0152052411495228	0.0210110206037374
numero_de_cliente	0.00685712200043362	0.0130994814758371	0.0219214183037853
ctarjeta_master	0.00668992496164503	0.000863779557896056	0.001126018207954
mcomisiones_otras	0.00668168892328578	0.0115450113870056	0.018351701006229
mtransferencias_recibidas	0.00661627717576541	0.0114901972768398	0.0184235745088644
ccajas_consultas	0.00651584346200797	0.0198330452936502	0.00491135601341639
chomebanking_transacciones	0.00619837283687992	0.0149245979030664	0.0201724964063249
cliente_antiguedad	0.00619095406681201	0.0127051585126096	0.0185912793483469
mcomisiones	0.00602897645197894	0.0107469105327687	0.0175131768088165
mcuenta_debitos_automaticos	0.00567621683394929	0.0203444196251944	0.0137038811691423
ctarjeta_visa	0.00553197885117343	0.00111707391090498	0.00100622903689506
Master_mfinanciacion_limite	0.00536756728742926	0.0116522235299198	0.0180881648298994
Visa_mfinanciacion_limite	0.00509381407475792	0.00724791085516683	0.0151653090560613
Visa_mpagospesos	0.00508220532195786	0.0089289036115203	0.0171298514614279
ccallcenter_transacciones	0.00486435550385812	0.01519986442945	0.00596550071873503
ccomisiones_otras	0.00449569276097423	0.0118855051104268	0.0114278869190225
mcaja_ahorro_dolares	0.00427603383135943	0.0120699895096572	0.0132247244849066
mtransferencias_emitidas	0.00423549331870781	0.0113148214205405	0.0135361763296598
Master_mlimitecompra	0.00420835110536172	0.00763454614267476	0.0136799233349305
Visa_cconsumos	0.0040185847543385	0.00658003519507901	0.0125299472927647
cdescubierto_preacordado	0.00366535328768396	0.0154406027624426	0.00390512697652132
Visa_mlimitecompra	0.00337492740402404	0.00549342074804828	0.0108768567321514
internet	0.00333672362699877	0.0160409497480385	0.00483948251078103
ccaja_ahorro	0.00332133070334718	0.0155258961545214	0.00486344034499281
tcallcenter	0.00314187076362079	0.0050554033176903	0.00301868711068519
Master_msaldototal	0.00304046106758285	0.00689143862260605	0.00716339242932439
mttarjeta_visa_debitos_automaticos	0.00302817421919265	0.00592694896180697	0.0106133205558218
mpagomiscuentas	0.00288639510304715	0.0120695414496512	0.00850503114518448
ctransferencias_recibidas	0.00284958856284353	0.00852559618351724	0.00855294681360805
Visa_mconsumototal	0.0026092363889298	0.00398412372436735	0.00840919980833733
thomebanking	0.0025164079566736	0.00378646894592	0.00424053665548634
Master_msaldopesos	0.00240995815558476	0.00449496124555815	0.00663632007666507
mextraccion_autoservicio	0.00237277146766751	0.00516202695101961	0.00919980833732631
ctransferencias_emitidas	0.00218263437517435	0.0092358617667948	0.00630091039770005
Master_mpagominimo	0.0021652810262358	0.00783366573268042	0.00572592237661715
mtarjeta_master_consumo	0.00213422579925525	0.00217390356903215	0.0024436990896023
mplazo_fijo_dolares	0.00203759213182428	0.0132234321065935	0.0039530426449449
Visa_mconsumosdolares	0.00202292893870706	0.00653875163544272	0.00649257307139435
Master_mpagospesos	0.00202125559260556	0.00694137060201337	0.00649257307139435
tmobile_app	0.0019178284539669	0.0146226226920517	0.00280306660277911
ccuenta_debitos_automaticos	0.00182395391148327	0.00567241468889663	0.00555821753713464
ccajas_transacciones	0.0014724312462178	0.00215488514508215	0.00114997604216579
cpagomiscuentas	0.00135306769544876	0.00399277645240766	0.00436032582654528
cmobile_app_trx	0.00135296205596256	0.00325439768871072	0.00443219932918064
cextraccion_autoservicio	0.00132500013222345	0.00326020609736635	0.00498322951605175
ctarjeta_master_transacciones	0.00125063793169951	0.000773742761329952	0.00122184954480115
ctarjeta_visa_debitos_automaticos	0.00124859329973889	0.00321916897073339	0.00445615716339243
matm	0.00122428892284154	0.00544034804032917	0.00649257307139435
Master_mconsumospesos	0.00117741097526994	0.0025259158812248	0.00378533780546239
Master_fultimo_cierre	0.000899925417189594	0.00186784670369293	0.0026353617632966
ctarjeta_debito	0.000898849862213747	0.00259894880056051	0.00292285577383805
catm_trx	0.000850974838158646	0.00190640399052306	0.00251557259223766
Visa_fultimo_cierre	0.000679861493989627	0.00129055843698637	0.002252036415908
Master_cconsumos	0.000586258106111499	0.00108948806264659	0.00194058457115477
Visa_mpagado	0.000576775889242858	0.00467180880664665	0.00229995208433158
Master_mconsumototal	0.000546765006381037	0.00139618599845603	0.00186871106851941
catm_trx_other	0.000391024600339368	0.00157434844333157	0.00119789171058936
Visa_mpagosdolares	0.000351801495125516	0.00235084505039115	0.00129372304743651
ccajas_otras	0.000347517112514841	0.00442522932215178	0.000886439865836129
Visa_msaldodolares	0.000340608522097908	0.00099212462332737	0.00100622903689506
cplazo_fijo	0.00028781203135749	0.00181962769215498	0.000670819357930043
matm_other	0.000281954174156284	0.00136350260597473	0.00141351221849545
Master_mconsumosdolares	0.000229103966543393	0.000335018774808555	0.000814566363200767
mttarjeta_master_debitos_automaticos	0.000228272142333489	0.0033803508030327	0.000910397700047916
tcuentas	0.000203344723663928	0.00353650402341773	0.000718735026353618
cseguro_vida	0.000187821493665479	0.00290559331383076	0.000670819357930043
active_quarter	0.000129123300458209	0.000386775737086757	0.000383325347388596
cseguro_vivienda	0.000121697478182946	0.000635987574117289	0.000383325347388596
Master_msaldodolares	0.0000984196778812787	0.000290547957552153	0.000287494010541447
Master_cadelantosefectivo	0.0000897528884072458	0.0000500483026781276	0.000143747005270724
ctarjeta_master_debitos_automaticos	0.0000767632781217058	0.000114100203853689	0.000191662673694298
Master_mpagosdolares	0.0000615875984088441	0.000128470866894557	0.000335409678965022
Master_madelantopesos	0.0000600124299115904	0.0000591034230700503	0.000167704839482511
Master_mpagado	0.000041949498705601	0.000192284951605358	0.000287494010541447
ccajas_extracciones	0.0000261085576628519	0.000368660326379764	0.000119789171058936
Visa_delinquency	0.000024602872305649	0.000127607489729013	0.000167704839482511
Master_madelantodolares	0.0000157760012585176	0.0000284974780399716	0.0000479156684235745
Visa_madelantopesos	0.0000152779660857818	0.000109388680559081	0.000119789171058936
Master_delinquency	0.00000894857838058311	0.00000462191129339364	0.0000239578342117873
ctarjeta_visa_descuentos	0.00000419273902824973	0.000112988670377089	0.0000239578342117873
Visa_madelantodolares	0.00000253840339011957	0.0000110739753808156	0.0000479156684235745
cseguro_accidentes_personales	0.00000168624177221032	0.00000562832299933767	0.0000239578342117873
mtarjeta_visa_descuentos	0.00000008400726519368	0.0000217128155634277	0.0000239578342117873
