Feature	Gain	Cover	Frequency
ctrx_quarter	0.0974006637873933	0.0238167451556101	0.0301697284648463
mcuentas_saldo	0.0459737366173128	0.0276062569478772	0.032646518059291
mcaja_ahorro	0.0446815173081867	0.0142000443812696	0.0247906884867271
mpasivos_margen	0.0395719288772701	0.0248500630810179	0.0304052514017414
mprestamos_personales	0.0320946289980204	0.0222054015502263	0.00739238121286715
cliente_edad	0.0315963456598238	0.05656063030436	0.0523012870188874
mrentabilidad_annual	0.0301850690755346	0.0410940828504745	0.0400996793849053
mpayroll	0.0261574618805561	0.00710699522561141	0.00331251614471745
mcuenta_corriente	0.0255386321253886	0.0431883509164269	0.0405555302305086
numero_de_cliente	0.0239189913555032	0.0411350597138902	0.0450304660315145
mtarjeta_visa_consumo	0.0224569177124172	0.00692597449102569	0.00919299205300026
Master_Fvencimiento	0.0210461472198108	0.0305438155348685	0.0317196213398976
Visa_mpagominimo	0.0206864470244676	0.010437702746384	0.0154533436659525
Visa_Fvencimiento	0.0205815401983456	0.0298554855251033	0.0332163316162952
Visa_fechaalta	0.0204278664484139	0.0187795184273197	0.0282019723146586
Master_fechaalta	0.0203281828245786	0.0234666710099543	0.0299645955843248
cliente_antiguedad	0.0200195687758129	0.0308771308927449	0.0349637598577745
mrentabilidad	0.0187724849339818	0.0268241590774697	0.0274726109616933
mactivos_margen	0.0178115427465543	0.0259358822151858	0.0264013614745255
active_quarter	0.0177539023045494	0.00497008484210765	0.00425460789229764
chomebanking_transacciones	0.0168487687730094	0.0162015494446783	0.0252693318746106
cpayroll_trx	0.0153609921944495	0.00291714702665139	0.00139034507909012
Master_mfinanciacion_limite	0.0152867682112286	0.0178665545187513	0.022754554709699
Master_status	0.014563603699147	0.00964965315178343	0.00218808405889593
mtransferencias_recibidas	0.0140701502016702	0.0108454641529854	0.0174362948443269
Visa_mfinanciacion_limite	0.0139804182901421	0.019325443398247	0.0228685174210998
Visa_mpagospesos	0.0136474922405894	0.0135456964934601	0.0183479965355336
Visa_status	0.0135443730955348	0.0108133247317369	0.00243120450988437
mcomisiones_otras	0.0127482687367609	0.0119645804796895	0.018044095971798
Visa_mconsumospesos	0.0121648835202369	0.00812828637662546	0.0164486180121864
mcomisiones_mantenimiento	0.0118952007319122	0.0144535078082442	0.00975520809591102
Visa_msaldototal	0.0114488414066458	0.00756917077667109	0.0107276898998648
mcomisiones	0.0104831027078885	0.011725441949194	0.0162966677303186
cproductos	0.0104128276217873	0.0107917982600448	0.0127182385923326
ccomisiones_otras	0.00958176422535922	0.0116627010870893	0.0143593016365045
Visa_msaldopesos	0.00950476962715711	0.00871879535843634	0.0113430885414292
Master_mlimitecompra	0.00924090337071705	0.0184942576290328	0.0159015969974624
ctarjeta_visa_transacciones	0.00920658670928155	0.00831821838307365	0.00968683046907052
Visa_mlimitecompra	0.00854192841262064	0.0137334973933131	0.0134248074030177
mcaja_ahorro_dolares	0.00834775730304722	0.0120393691313821	0.0124675206272508
Visa_cconsumos	0.00797375839081368	0.00643731260594117	0.0102262539697011
cprestamos_personales	0.00694632302084257	0.0143765391066753	0.00433818054732491
mttarjeta_visa_debitos_automaticos	0.0067368559858637	0.00675673221972398	0.00908662685569282
mtransferencias_emitidas	0.00667861511418887	0.00709055996121542	0.00751394143836137
mautoservicio	0.00602938461091018	0.00571400446462435	0.00733919861421343
ctransferencias_recibidas	0.00590302059885359	0.00501258254194142	0.00730121104374649
ctarjeta_debito_transacciones	0.00557879446238132	0.00381510249189957	0.0058196957955357
ccomisiones_mantenimiento	0.00547102407368392	0.00593477129119007	0.00340368631383811
mcuenta_debitos_automaticos	0.00505210625884109	0.00695591588887657	0.00477123885064807
ctarjeta_debito	0.00477452721699066	0.00730557774960531	0.00855480086915561
ccaja_seguridad	0.00451330358767774	0.00761923422291095	0.0014055401072769
cmobile_app_trx	0.00417321999540441	0.00327396677311048	0.00679977511358284
Visa_mconsumosdolares	0.0041230914781949	0.00452762237269837	0.00450532585737947
Master_mpagospesos	0.00388216648980747	0.00893438885253938	0.00451292337147286
ccajas_consultas	0.00387661172271185	0.0140621415712605	0.00333530868699761
internet	0.00379450380628027	0.0157348293578859	0.0060856087888043
Master_mpagominimo	0.0037924329738492	0.00424550638760821	0.00357083162389266
thomebanking	0.00375872360921638	0.00551998998019877	0.00524988223853155
Visa_mconsumototal	0.00372537643098654	0.00248509067304563	0.00524988223853155
Master_fultimo_cierre	0.00361093890719125	0.00707798070842839	0.00509033444257039
Master_msaldopesos	0.00357197990229048	0.00428065264071298	0.00399629241312243
ctransferencias_emitidas	0.00352401066872238	0.00396645557918966	0.00357842913798605
Master_msaldototal	0.00336545433621772	0.00510841874011234	0.00355563659570589
mpagomiscuentas	0.00325006167693013	0.00475020811962004	0.00342647885611828
ccallcenter_transacciones	0.00304969727252066	0.00898836693171923	0.00290225038367446
Visa_fultimo_cierre	0.0030288172458889	0.0047882270944606	0.00504474935801006
ctarjeta_visa_debitos_automaticos	0.00292582794603274	0.00217231130757962	0.00357083162389266
cdescubierto_preacordado	0.00273438802414344	0.00671536436309095	0.00308459072191579
ccaja_ahorro	0.00265950185294996	0.0059021850205504	0.00215009648842899
cextraccion_autoservicio	0.00241168628375551	0.00194932765454785	0.00148151524821079
tcallcenter	0.00230091896002321	0.00191589745795403	0.00114722462810169
cpagomiscuentas	0.00229921615890784	0.00115555141954414	0.00189178100925377
mextraccion_autoservicio	0.0022729815931195	0.00196265847704109	0.00255276473537858
Master_mconsumospesos	0.00225067711947548	0.00278162639950433	0.00240081445351081
mtarjeta_master_consumo	0.00192009457222774	0.00134075473079513	0.00123839479722235
ccuenta_debitos_automaticos	0.00139395504707124	0.00205879137657137	0.00162586801598517
mplazo_fijo_dolares	0.001393714684076	0.00266421174468739	0.000736958867058698
matm	0.00132316029773317	0.00194705552493932	0.00163346553007856
Visa_mpagado	0.00117068062412883	0.0020720234829553	0.0014739177341174
Master_cconsumos	0.00116763903370271	0.000674748664036526	0.000995274346233912
ccajas_transacciones	0.00112959153522934	0.00155535802213217	0.00061539864156448
Visa_mpagosdolares	0.00112746683420101	0.00129447208389047	0.00141313762137029
tmobile_app	0.00100707752228179	0.00152628460710242	0.000319095591922323
catm_trx	0.000916967794382519	0.00233862223581452	0.00117001717038185
ctarjeta_master_transacciones	0.000850919321800705	0.000621721522391509	0.000660983726124812
matm_other	0.000834805241592536	0.0017373269290956	0.0010028718603273
Visa_msaldodolares	0.000804009035394554	0.00179867664065146	0.00106365197307441
catm_trx_other	0.000790991710650213	0.00298688981962474	0.000964884289860358
ctarjeta_master	0.000767392742243486	0.000210458320808658	0.000243120450988437
Master_mconsumototal	0.000676584924808088	0.00102888869672706	0.000698971296591755
ccajas_otras	0.000535325520488746	0.00596556739910787	0.00130677242406285
cseguro_vivienda	0.000436713581141792	0.00183978429599916	0.000774946437525642
mttarjeta_master_debitos_automaticos	0.000417518516795817	0.00167513412113274	0.000486240901976873
Master_mpagosdolares	0.000409458778958942	0.00010326838748793	0.00016714531005455
cseguro_accidentes_personales	0.000382784401105586	0.00152233070893128	0.000805336493899196
cseguro_vida	0.000338171514098205	0.00139901327320243	0.000486240901976873
ctarjeta_visa	0.000337863461599816	0.000378198835276499	0.000296303049642157
cplazo_fijo	0.000189968002154419	0.00122848548035392	0.000265912993268603
ccheques_depositados	0.000184590582791214	0.000269520417876097	0.0000455850845603319
tcuentas	0.000173773059458652	0.00159135704969388	0.000410265761042987
ccajas_extracciones	0.000140126177881606	0.00169044922037793	0.000326693106015712
Master_mpagado	0.000119301496552679	0.000460302157108391	0.000212730394614882
minversion2	0.000118323860237228	0.000274849428684845	0.0000683776268404978
ctarjeta_master_debitos_automaticos	0.000112495721817845	0.0000927544305565783	0.000136755253680996
Master_msaldodolares	0.000107079837847691	0.0000927104645583118	0.00016714531005455
Master_mconsumosdolares	0.0001035893216994	0.0000860525192359255	0.00016714531005455
Visa_Finiciomora	0.0000950925492205877	0.00307073048967744	0.000592606099284314
cprestamos_prendarios	0.0000939929790284635	0.000361204732625813	0.0000607801127471092
Visa_delinquency	0.0000814713217345165	0.000492318252349158	0.000235522936895048
mcaja_ahorro_adicional	0.0000734311751514217	0.00145495101923582	0.000311498077828934
cinversion1	0.0000686772026405906	0.000492499646656471	0.0000835726550272751
mtarjeta_visa_descuentos	0.0000594178746478527	0.000159841290112637	0.0000531825986537205
ctarjeta_visa_descuentos	0.0000525237664084098	0.000329959839706839	0.0000759751409338864
cinversion2	0.0000425191954261658	0.000266597646796372	0.0000455850845603319
mcheques_depositados	0.0000276017744061667	0.0000450090155334944	0.00000759751409338864
Master_madelantopesos	0.0000264556366139085	0.00000828136906969641	0.0000227925422801659
cseguro_auto	0.0000221220024788533	0.000247226338566462	0.0000531825986537205
Visa_madelantodolares	0.000013864694888193	0.00000165384047567045	0.00000759751409338864
Visa_madelantopesos	0.000013562978903374	0.0000142610213496452	0.0000455850845603319
Master_delinquency	0.0000133004065705438	0.0000490831980395182	0.0000455850845603319
Master_cadelantosefectivo	0.00000510202430808546	0.00000220963705752927	0.00000759751409338864
Master_madelantodolares	0.00000393293425554407	0.00000121307443015654	0.00000759751409338864
mforex_sell	0.000000955803615127665	0.00000977123572793288	0.00000759751409338864
Visa_cadelantosefectivo	0.000000866194774132483	0.00000551289375747228	0.00000759751409338864
