Feature	Gain	Cover	Frequency
ctrx_quarter	0.118672680634263	0.0217499690318362	0.0297256911089764
mcaja_ahorro	0.0511600331995397	0.0143874593038835	0.0261424454508028
mcuenta_corriente	0.0407901138439687	0.0416035165506655	0.0402695820563256
mpasivos_margen	0.0384087834108266	0.0238980879544338	0.0297256911089764
cliente_edad	0.0319432055923001	0.0567789597126119	0.0526813351020844
mrentabilidad_annual	0.0305855688211193	0.041136842879818	0.0399798728328988
mprestamos_personales	0.0294821314908508	0.0205249767638165	0.0072732262933992
mcuentas_saldo	0.028192811490785	0.0273041946889793	0.030518579509934
numero_de_cliente	0.0241201269680362	0.0403390760019167	0.0443483829650977
mpayroll	0.0227697498253199	0.00859526578446923	0.0037357241968193
Visa_Fvencimiento	0.0217764806713786	0.0272908197886656	0.0334995349404571
mtarjeta_visa_consumo	0.0217709414938191	0.00734384966790123	0.00918683195340256
Master_Fvencimiento	0.0210086279696245	0.0291159934704132	0.0317155360383026
Master_fechaalta	0.0209188222538504	0.0225063867990632	0.0303508531174237
cliente_antiguedad	0.0203575334617623	0.0321286261775641	0.0361374136590275
Visa_fechaalta	0.0198654815186645	0.0184480176375579	0.0274232651754266
mrentabilidad	0.0197130743032902	0.0282460438081093	0.0274156412484943
Visa_mpagominimo	0.018075760842013	0.0108993363400318	0.0153088452800268
chomebanking_transacciones	0.0180003361382153	0.0180751930922635	0.0263254196971776
cpayroll_trx	0.0179571674374172	0.00301932642561702	0.00143329826326944
mactivos_margen	0.0176706160648441	0.0267926170796543	0.026790479240047
Master_mfinanciacion_limite	0.0154168014009225	0.0177140306666141	0.0227116783312749
ctarjeta_visa_transacciones	0.0151547088475603	0.00717353887078015	0.00968238720400104
Visa_mfinanciacion_limite	0.014840294490298	0.0195229454686264	0.0234740710245033
cproductos	0.0136371057224737	0.0111760674264828	0.0125947272921336
mtransferencias_recibidas	0.0129986841898846	0.0114660669912866	0.016467682173734
Visa_mpagospesos	0.0125029685916881	0.0132583732812053	0.018076330756446
Visa_mconsumospesos	0.0124499072793855	0.00720241961794886	0.0156214262842505
mcomisiones_otras	0.0113066725298093	0.0134732570500773	0.017405425186405
Visa_msaldopesos	0.0112783055321048	0.00860910147515807	0.0111385572480673
mcomisiones	0.0108639678163747	0.0117274515852324	0.0161093576079167
Visa_msaldototal	0.0105885190042104	0.00748177392215805	0.0106887455590626
mcomisiones_mantenimiento	0.0100810496102181	0.0143879331880601	0.0100178399890215
mcaja_ahorro_dolares	0.00971651876597686	0.0127020260145157	0.0131207782504612
ccomisiones_otras	0.00971594561281454	0.0116517451752769	0.0140127777015385
Master_status	0.00963301544920174	0.0106873869756464	0.0023786652028727
Master_mlimitecompra	0.0087598709989915	0.0178050164285183	0.0154689477456048
Visa_mlimitecompra	0.00831889769397386	0.0146808259258056	0.0138298034551637
Visa_cconsumos	0.00820449467145126	0.00633594594204785	0.010726865193724
mautoservicio	0.00735584923839957	0.00633287057025166	0.00764679871308113
mtransferencias_emitidas	0.00693238744013812	0.0071279345532198	0.00712074775475352
cprestamos_personales	0.00652015112503019	0.0162585189592187	0.00444474940152174
mttarjeta_visa_debitos_automaticos	0.00641213831359058	0.00695153513841544	0.00903435341475687
ctransferencias_recibidas	0.00604413588333131	0.00467637764663801	0.00763917478614885
Visa_status	0.00544608074947643	0.0088690223492545	0.00210420383331046
mcuenta_debitos_automaticos	0.00535861912118487	0.00768093844307034	0.00544348382965098
ctarjeta_debito_transacciones	0.00509312378809257	0.00413453329732917	0.00583992803012976
ctarjeta_debito	0.00460189600104647	0.0071304265543718	0.0084396871140387
Master_mpagospesos	0.00441135650523872	0.00891573183937717	0.00469633899028712
ccaja_seguridad	0.0043710713399346	0.00744125027815936	0.00137993077474345
Visa_mconsumosdolares	0.00436076652642314	0.00426151391947277	0.00465059542869341
Visa_mconsumototal	0.00426578842179493	0.00297161734911834	0.00628973971913453
cmobile_app_trx	0.00406976500038642	0.00352870149037997	0.00617538081515027
ccomisiones_mantenimiento	0.00397223050180027	0.00616933679046132	0.00307244255371057
thomebanking	0.00386090106668533	0.00504800647712582	0.00557309058749981
internet	0.00376472793211436	0.0147774453654399	0.00580943232240062
Master_msaldototal	0.00362976531702177	0.00524404018652932	0.003781467758413
Master_msaldopesos	0.00347291810725539	0.00412690713304356	0.00394157022399097
ccajas_consultas	0.0034717658307622	0.0137662787756969	0.00330878428861138
Master_mpagominimo	0.00327076788082336	0.00451536929898214	0.00353750209657991
Master_fultimo_cierre	0.00324347805016413	0.00677615286125289	0.00475733040574539
mpagomiscuentas	0.00313247181889515	0.00478253104529115	0.00340789533873107
ctarjeta_visa_debitos_automaticos	0.00304697600641162	0.00219811802139576	0.00379671561227757
ccallcenter_transacciones	0.00300113307776623	0.00922695394903922	0.00316392967689798
ctransferencias_emitidas	0.00299352616513005	0.00379700462614899	0.00335452785020508
Visa_fultimo_cierre	0.00293389375683216	0.00446951703496843	0.00448286903618316
ccaja_ahorro	0.00278784532484757	0.00617793440337935	0.00233292164127899
tcallcenter	0.00270395592110499	0.00172425529635849	0.00102160620892609
cdescubierto_preacordado	0.00254140695584978	0.00635118406245151	0.00316392967689798
mextraccion_autoservicio	0.00233274377744595	0.00231311112899836	0.00272174191482549
ctarjeta_master	0.00225302699745079	0.000199968257449295	0.00026683744262995
Master_mconsumospesos	0.00222142833877004	0.00264006000859126	0.00229480200661757
cpagomiscuentas	0.00213261797718971	0.00131667840900674	0.0020355884909199
matm	0.00173037989018704	0.00216943005955933	0.00169251177896711
mtarjeta_master_consumo	0.0016050150309039	0.00149171718282436	0.00119695652836863
active_quarter	0.00157875703453679	0.00440649071807423	0.00386533095466813
ccuenta_debitos_automaticos	0.00151520508238981	0.00229559106544925	0.00176112712135767
cextraccion_autoservicio	0.00146247874622838	0.00237735238351401	0.00173063141362853
ccajas_transacciones	0.00133924908487076	0.00186403998479005	0.000770016620160712
ctarjeta_visa	0.00130684887670477	0.000307256916548988	0.000365948492749646
mplazo_fijo_dolares	0.00119725939582551	0.0028367913111624	0.000838631962551271
Visa_mpagado	0.00112682833538257	0.0023875460472537	0.0014561700440663
catm_trx	0.00100798703667442	0.0013968539841361	0.00104447798972295
Visa_mpagosdolares	0.00100343416495716	0.00156729181899059	0.00144854611713401
Visa_msaldodolares	0.00100257519226631	0.00186710031264412	0.0010673497705198
tmobile_app	0.000991018070780995	0.00131507372184794	0.000304957077291371
matm_other	0.000882051787009614	0.00196638977341209	0.00102923013585838
Master_cconsumos	0.000874250872295614	0.00064946592527568	0.000930119085738682
ctarjeta_master_transacciones	0.000781259733015202	0.000603823440677006	0.000663281643108732
Master_mconsumototal	0.000755670577493063	0.00101716605813963	0.000891999451077261
catm_trx_other	0.000734340448913582	0.00289434636918303	0.000952990866535535
mttarjeta_master_debitos_automaticos	0.000469381681509496	0.00197016970316394	0.000571794519921321
cseguro_vivienda	0.000444530362352927	0.00130301349492005	0.00064040986231188
ccajas_otras	0.000440021050425019	0.00656302589050988	0.00134181114008203
cseguro_accidentes_personales	0.0004065814411435	0.00176375734525105	0.000899623378009545
Master_mconsumosdolares	0.000365578652151195	0.000141019963234015	0.000259213515697666
cseguro_vida	0.000307752350405261	0.00130295499070072	0.000457435615937057
cplazo_fijo	0.000270454692670854	0.00151960614417964	0.00032020493115594
ccheques_depositados	0.000197201042230575	0.000318426764976956	0.00005336748852599
Master_mpagosdolares	0.000122161158360495	0.0000404350518951384	0.0000991110501196957
Master_mpagado	0.000119598174165553	0.000686439477527044	0.000221093881036244
ccajas_extracciones	0.000115387926242733	0.00175041058268092	0.000343076711952793
tcuentas	0.000109740450204989	0.00159377027147694	0.000381196346614214
Visa_delinquency	0.000104776008692039	0.000439144092553851	0.000282085296494518
cprestamos_prendarios	0.0000998285504193278	0.000363773663972247	0.0000609914154582743
minversion2	0.000096666963921873	0.000184110828095279	0.0000457435615937057
Master_delinquency	0.0000933712759599926	0.0000462325414393597	0.0000838631962551271
mcheques_depositados	0.0000894112052211959	0.000136468613561553	0.0000228717807968528
mcaja_ahorro_adicional	0.0000798731414043987	0.00268318681175868	0.0005336748852599
ctarjeta_master_debitos_automaticos	0.0000791177718580974	0.0000741153737811854	0.0000914871231874114
Visa_Finiciomora	0.0000698620416214676	0.00284095318988903	0.000518427031395331
cinversion1	0.000067163697055651	0.000450707312208942	0.0000762392693228428
mtarjeta_visa_descuentos	0.0000554103674873703	0.000290442246730102	0.0000686153423905585
Master_msaldodolares	0.0000527766861384323	0.0000704493879612715	0.000114358903984264
cinversion2	0.0000512058425513464	0.000408972073687044	0.0000686153423905585
ctarjeta_visa_descuentos	0.0000414001555601944	0.000264974802872102	0.0000609914154582743
Visa_madelantopesos	0.0000155373613404009	0.0000102894992227905	0.0000381196346614214
cseguro_auto	0.0000107873559451603	0.00019430282028585	0.0000381196346614214
Master_madelantopesos	0.00000994879323001191	0.00000541275465423721	0.0000152478538645686
mforex_sell	0.000000735540885234418	0.00000872075037014707	0.00000762392693228428
minversion1_pesos	0.000000321279780137249	0.00000679679732870581	0.00000762392693228428
cforex	0.000000229311953247501	0.00000826051717807338	0.00000762392693228428
Visa_madelantodolares	0.0000000923269595960484	0.00000111743058922978	0.00000762392693228428
Visa_cadelantosefectivo	0.0000000000820997089337575	0.00000252125326166281	0.00000762392693228428
