Feature	Gain	Cover	Frequency
ctrx_quarter	0.111579214889998	0.0223360143793483	0.024321408535796
mcaja_ahorro	0.0495447010524251	0.014967972967148	0.025063651663574
mpasivos_margen	0.0414450188943216	0.0173087494666088	0.0234065507271393
mcuentas_saldo	0.0391909176725505	0.022759214318326	0.0277823328874121
cpayroll_trx	0.0382289978297136	0.0112671698492805	0.00370258490484616
mtarjeta_visa_consumo	0.032031634150213	0.00982331143065712	0.0157079359599534
mprestamos_personales	0.0313069731284336	0.0276210837726626	0.00743106201182411
mpayroll	0.0303543977091065	0.0165002797286692	0.00855305743753506
mrentabilidad_annual	0.0234098910034981	0.0283828287815367	0.0267811677383161
mcuenta_corriente	0.0216989541917292	0.01232958538385	0.0184784015880551
Visa_mpagominimo	0.0211136984946342	0.0150544432694838	0.0217494497907047
Master_status	0.0190573280253662	0.00464802454257422	0.00163983946834678
cliente_edad	0.0179948969441708	0.0267194601122379	0.0294912182281103
ctarjeta_visa_transacciones	0.0179108987331613	0.0196477765789708	0.0157942433003927
Visa_msaldopesos	0.0172815257125335	0.0131105318494475	0.0192033832477452
cprestamos_personales	0.0149316380202521	0.0133887261995347	0.00505761014974324
mactivos_margen	0.0147781242522097	0.0243900857709362	0.0228196608121521
Master_fechaalta	0.0145837369399968	0.0158916217664592	0.0267207526000086
Visa_msaldototal	0.0140702408832445	0.010668397909744	0.0179778190135071
Master_Fvencimiento	0.013825924849749	0.0149908036183259	0.0241746860570492
Visa_fechaalta	0.0137638478726114	0.0126617607618437	0.0230181676951625
mrentabilidad	0.0134904754451203	0.0136178244291557	0.0204289474819833
Visa_mpagospesos	0.0133721486357173	0.0127388086186369	0.0200491951840504
cproductos	0.0133586033342486	0.010217058964327	0.0114875070124714
mcomisiones	0.0127971092747549	0.0125288499797201	0.0204203167479394
Visa_status	0.0126477037428341	0.0112225790798661	0.0022957752556855
numero_de_cliente	0.012436345288295	0.0175973582086152	0.0240020713761705
cliente_antiguedad	0.0123072725339843	0.0154250696324933	0.0225348465887024
Visa_Fvencimiento	0.012111860569639	0.0137180461263283	0.0218098649290122
mtransferencias_recibidas	0.0116313521190827	0.0148997021428315	0.018607862598714
ccomisiones_mantenimiento	0.0112252692716051	0.0128732706493923	0.00611919043714668
mautoservicio	0.0112096296109088	0.0134245629272228	0.016993915332499
mcomisiones_otras	0.0109252863253312	0.0119291609182493	0.0197125965563371
chomebanking_transacciones	0.0103498629246712	0.0167059487115744	0.0199111034393475
Master_mfinanciacion_limite	0.0099765425397112	0.0126734806103721	0.0198161653648643
ctarjeta_debito_transacciones	0.0096906727185633	0.0142178111163407	0.0145082639278471
Visa_mconsumospesos	0.00942134409175014	0.00959821275557908	0.0200750873861822
Visa_mfinanciacion_limite	0.00877376449657045	0.0123453265236308	0.0171061148750701
mcomisiones_mantenimiento	0.00874779148375402	0.0119667198621494	0.0101324817675743
Master_mlimitecompra	0.00866324078921482	0.0100057342568225	0.0168213006516204
mcaja_ahorro_dolares	0.00766084090127058	0.0119365187944057	0.0140767272256505
ccomisiones_otras	0.00737949354527621	0.0155070483782276	0.0115738143529107
mtransferencias_emitidas	0.00735049468482392	0.0162117859404148	0.013645190523454
Visa_mlimitecompra	0.00723316843221238	0.0107547361197684	0.0141371423639581
Visa_cconsumos	0.00702428223781578	0.00786988016789918	0.0142148189703534
ccaja_seguridad	0.00640479007013001	0.0151320174054544	0.00241660553230052
mcuenta_debitos_automaticos	0.00632100722767395	0.0158710596753256	0.00968368359728995
mttarjeta_visa_debitos_automaticos	0.00631538083825082	0.00949963092593066	0.0127907478531049
Visa_mconsumototal	0.00625974676275535	0.00587602447771355	0.0128770551935442
cextraccion_autoservicio	0.00594438563862682	0.00403960610218207	0.00554956199024727
active_quarter	0.0053634782036027	0.000569628864324987	0.000569628446899409
ctarjeta_master	0.00524149095826717	0.00042038712516924	0.000543736244767618
ccajas_consultas	0.00519749937160322	0.0126355625927521	0.00277046562810167
ctransferencias_recibidas	0.00467430312569878	0.00781970264613668	0.00865662624606223
Master_msaldototal	0.00465474641185591	0.00807999347186421	0.00775902990549346
mextraccion_autoservicio	0.00460580881603651	0.00604375412430288	0.00918310102274198
mpagomiscuentas	0.00452078771864184	0.0133463588446911	0.00898459413973158
Master_msaldopesos	0.00441334787284722	0.00693373610475047	0.00807836706511889
Master_mpagospesos	0.00422084250672092	0.0118871798080125	0.00770724550122988
ctarjeta_visa	0.00419631267250806	0.00106758887142391	0.000681827989470504
Master_mpagominimo	0.00380635292290107	0.00890331690661913	0.00701678677771545
Visa_mconsumosdolares	0.00375285872115893	0.00752109961592309	0.00710309411815475
ccallcenter_transacciones	0.00364671403184164	0.00899643822403989	0.00340050921330859
internet	0.00335710376355345	0.00922551931510147	0.00275320416001381
ctransferencias_emitidas	0.00330803399482681	0.0110806341868747	0.00643852759677211
tcallcenter	0.00316307910632359	0.00365089437887786	0.00248565140465197
ccaja_ahorro	0.00292950350667651	0.00956503752076044	0.00271868122383809
thomebanking	0.00290811525769916	0.00335043996623632	0.00339187847926466
matm	0.00271703018406339	0.0056731854471762	0.00656798860743106
cpagomiscuentas	0.00267405280486469	0.00567504518987702	0.00572217667112588
ctarjeta_visa_debitos_automaticos	0.00263948670738704	0.00504239199047769	0.00549777758598369
Master_mconsumospesos	0.00261701427770537	0.00572824035213339	0.00503171794761144
cdescubierto_preacordado	0.00261231208654516	0.00894166924041499	0.00191602295775256
mtarjeta_master_consumo	0.00230975999675824	0.00273787190440315	0.00265826608553057
cmobile_app_trx	0.00229287101425087	0.00257648143472054	0.00419453674535019
Master_fultimo_cierre	0.00218868814373422	0.0048414235709959	0.00402192206447158
ccuenta_debitos_automaticos	0.00205253723723779	0.00504660556800619	0.00513528675613861
ctarjeta_debito	0.00201301511485963	0.00237435595347298	0.00359901609631899
catm_trx	0.00182001396580698	0.00424034670422805	0.00411686013895482
Visa_fultimo_cierre	0.00164002742904361	0.00220076366553076	0.00315884866007854
ccajas_transacciones	0.00160144145194471	0.00222590760421298	0.00100979588313986
Master_mconsumototal	0.00155973519028531	0.00325251441800851	0.00312432572390282
tmobile_app	0.00151456766265973	0.00692920692692098	0.00123419496828205
mplazo_fijo_dolares	0.00147199214941225	0.00996944314830373	0.00228714452164157
Master_cconsumos	0.00137893498685218	0.00195164968860849	0.00284814223449704
Visa_mpagado	0.00108023468545799	0.00396665394306984	0.00205411470245544
ctarjeta_master_transacciones	0.00102262217119911	0.00236055565103986	0.00189013075562077
matm_other	0.00101149149760492	0.00314664577452311	0.00232166745781729
Visa_mpagosdolares	0.000868454886718355	0.00308582938751479	0.00193328442584042
catm_trx_other	0.000844093290708997	0.00465247178972955	0.0017865619470936
Visa_msaldodolares	0.000763019843292711	0.00348066960884929	0.00159668579812713
cplazo_fijo	0.000553693617816356	0.00263399885805277	0.000681827989470504
mttarjeta_master_debitos_automaticos	0.00048321337879526	0.00575704274622527	0.00148448625555604
Master_mconsumosdolares	0.000441695440069393	0.000369195084293482	0.000863073404393044
tcuentas	0.000316864716580246	0.00417749291872034	0.000716350925646226
ccajas_otras	0.000312442349292312	0.00445405408950161	0.000750873861821948
cseguro_vida	0.000311133662592172	0.00266519939641856	0.000716350925646226
minversion2	0.000288097289129416	0.00436592092889113	0.000664566521382644
mprestamos_prendarios	0.000265189094136952	0.00210379118841059	0.000267552755361844
Visa_delinquency	0.000259564412605968	0.000443522508293477	0.000310706425581496
ccheques_depositados	0.000250483875770631	0.0019623717385694	0.000276183489405774
cseguro_vivienda	0.000248729542118673	0.00274970378058809	0.000681827989470504
mcheques_depositados	0.000240907914955354	0.00206101627026438	0.000327967893669357
Master_mpagosdolares	0.000225450434711888	0.000175212508825203	0.000414275234108661
Master_madelantopesos	0.000189325786632304	0.000117492348875777	0.000293444957493635
Master_mpagado	0.000183826970486107	0.00117709883175959	0.000440167436240452
mcheques_emitidos	0.000164903252893131	0.0013284925051531	0.000172614680878609
cseguro_accidentes_personales	0.000157532344459565	0.000417280447769259	0.000353860095801148
ctarjeta_master_debitos_automaticos	0.000147418357057543	0.000314171112345922	0.000310706425581496
cprestamos_prendarios	0.000130689770280094	0.00542218497467991	0.000690458723514435
Master_msaldodolares	0.000130358259651717	0.000229107843934772	0.000215768351098261
ccheques_emitidos	0.000112359632074593	0.000923737000190037	0.000120830276615026
Master_madelantodolares	0.0000986342903298586	0.000101679728761882	0.000163983946834678
ccajas_extracciones	0.0000897413734298651	0.00212132142658645	0.0003970137660208
Visa_madelantopesos	0.0000860452590462476	0.000217942281497893	0.000327967893669357
mtarjeta_visa_descuentos	0.0000796660167494035	0.00161005813527676	0.000284814223449704
minversion1_pesos	0.0000677739130997599	0.00251677069379981	0.000327967893669357
Master_delinquency	0.0000671184754226573	0.0000610546547852235	0.000129461010658957
cinversion1	0.0000643723752926234	0.00164691774235096	0.000233029819186122
Visa_madelantodolares	0.0000639003711634802	0.000113944667081693	0.000224399085142191
Visa_Finiciomora	0.0000517112016113663	0.000543197861633816	0.000103568808527165
Master_cadelantosefectivo	0.0000307699921198592	0.0000203129550019729	0.0000690458723514435
ctarjeta_visa_descuentos	0.0000273977481258039	0.000504179632103542	0.0000863073404393044
mtarjeta_master_descuentos	0.0000227261145711821	0.000151171290135067	0.0000604151383075131
cinversion2	0.0000177696613653129	0.000216385180675109	0.0000431536702196522
mcaja_ahorro_adicional	0.000016050644139116	0.0000988196794116843	0.0000345229361757218
cforex	0.00000591551188314049	0.0000437396936358693	0.0000345229361757218
Visa_cadelantosefectivo	0.00000453187900900472	0.00000692606806247043	0.0000258922021317913
mforex_sell	0.00000308945379635372	0.0000441564532386385	0.0000345229361757218
cforex_sell	0.00000175164019498871	0.0000496228176573075	0.0000345229361757218
ctarjeta_master_descuentos	0.000000951450872403714	0.0000148344681876366	0.00000863073404393044
