Feature	Gain	Cover	Frequency
ctrx_quarter	0.155428534633802	0.0227983814288033	0.0294136508411535
mcuentas_saldo	0.0497170981059578	0.0248701772616151	0.0294564032406319
mcaja_ahorro	0.0339826461202166	0.0151859136734298	0.0239413437079156
mrentabilidad_annual	0.0305371536687679	0.0350250564261643	0.0364998610547017
mpasivos_margen	0.0280784401044526	0.0238336335436497	0.0281952074560185
mpayroll	0.0268304176176852	0.00774024933352311	0.00423248754836365
cliente_edad	0.0266566560251859	0.0481005834089499	0.0432440520724226
mprestamos_personales	0.0264047411938794	0.0182493849548858	0.00664799811889442
mcuenta_corriente	0.0226893987378797	0.0312719582127953	0.0305145251277228
mtarjeta_visa_consumo	0.0219896856048591	0.00894882931236507	0.0110514952651718
cpayroll_trx	0.0207441802497226	0.00305005149500454	0.00136807678330946
Master_Fvencimiento	0.0207426502935976	0.0256877904118203	0.0324383831042517
Master_fechaalta	0.0204176548958806	0.0258317666032823	0.0296915414377632
Visa_mpagominimo	0.0199067658030249	0.0144628663021665	0.019463029862551
numero_de_cliente	0.0196735929090802	0.0321461965924264	0.0339881575853445
Visa_Fvencimiento	0.0194889693341889	0.0272059335070857	0.0311344349201599
chomebanking_transacciones	0.0186668398261839	0.0233790042682833	0.0301618178320258
Visa_fechaalta	0.0184757968889146	0.0194474014295937	0.0266988734742737
mrentabilidad	0.0183543249279141	0.025721383109431	0.0264102947777944
mactivos_margen	0.0176839690056455	0.0244378394069435	0.0257155682862701
cliente_antiguedad	0.0166909994478815	0.0274492943689404	0.0291250721446741
ctarjeta_visa_transacciones	0.0154455192876114	0.0114579791870973	0.01245163634809
Visa_mpagospesos	0.0142903954105673	0.016142954862889	0.0226373955238238
Master_mfinanciacion_limite	0.0140504206553248	0.0188150363482356	0.0228190932216071
Visa_mfinanciacion_limite	0.0131881277103213	0.0186091042686234	0.0214510164382976
Master_status	0.0130982049352298	0.00662717988338444	0.00162459118017999
mtransferencias_recibidas	0.0127440389781256	0.0146179564897614	0.0195485346615079
cproductos	0.0126511276500094	0.0124935968499963	0.0112866334623031
Visa_mconsumospesos	0.0117701202725619	0.0104238951568499	0.0186614223723306
mcomisiones_otras	0.0115297021488679	0.0119451168677688	0.0168444453944978
Visa_msaldopesos	0.011396616520781	0.012141989030853	0.0131998033389624
mcomisiones	0.0101367028381491	0.0138115427971515	0.0160855903037558
mcomisiones_mantenimiento	0.00974574119181195	0.0160215675380713	0.0111690643637374
mcaja_ahorro_dolares	0.00927593825633022	0.0150330514928693	0.0149312755178384
Visa_msaldototal	0.00897182519790845	0.0093686443921077	0.0114148906607383
Visa_cconsumos	0.00892918786490884	0.00971288015860761	0.0134776939355721
Master_mlimitecompra	0.00884613625565936	0.0183393368163535	0.0159145807058421
ccomisiones_otras	0.00862908858035806	0.0144284390199609	0.013563198734529
Visa_mlimitecompra	0.00806233457852339	0.014382196356729	0.0140334751287916
mautoservicio	0.00734319419674231	0.00817140708557754	0.00984373997990637
mttarjeta_visa_debitos_automaticos	0.00733594117341083	0.00961790877155259	0.0116179645582608
mtransferencias_emitidas	0.00714676125513859	0.0111698411925593	0.0108804856672581
cprestamos_personales	0.00639937983664603	0.0108697489421183	0.00387978025266668
mcuenta_debitos_automaticos	0.00568630598493046	0.0108935810059752	0.00699001731472179
Visa_status	0.00559310974429749	0.00698105743879184	0.00174216027874564
ctransferencias_recibidas	0.00557940784922776	0.00573327602002786	0.00830465359868323
ctarjeta_debito_transacciones	0.0051185953941272	0.00662555377875982	0.00814433210063915
Visa_mconsumototal	0.00476281279468629	0.00457146349121107	0.00765267950663731
ccaja_seguridad	0.00461775394836098	0.00203725805160581	0.000513028793741049
ccajas_consultas	0.00444826534437325	0.00981797438913058	0.0026827130672709
ccomisiones_mantenimiento	0.00428769921414629	0.00682637920215296	0.00331331095957761
mpagomiscuentas	0.00421659884133713	0.00729915268044543	0.00569675723049956
cmobile_app_trx	0.0041798809593544	0.00352478858393178	0.0064021718218935
Master_mpagospesos	0.004152261467566	0.0104211941072671	0.00629529082319745
ctarjeta_master	0.00382751829032707	0.000168920589667052	0.00026720249674013
Visa_mconsumosdolares	0.00378739914284997	0.00510036712334766	0.00544024283362904
ctarjeta_debito	0.00369309738380316	0.00604565836321272	0.00694726491524337
ctransferencias_emitidas	0.00368796387298425	0.00535353101585358	0.00534404993480259
Master_msaldototal	0.00365741215687938	0.00694633204296896	0.00492721403988799
ctarjeta_visa	0.00364719674676931	0.000238376054986535	0.000235138197131314
Master_msaldopesos	0.00355964797454255	0.00583545020597034	0.00471345204249589
thomebanking	0.00350204968567875	0.00371728051322834	0.00437143284666852
internet	0.00346567624774403	0.00874098903853522	0.00348432055749129
Master_fultimo_cierre	0.00338992425405868	0.0110066455193791	0.0063914837220239
Master_mpagominimo	0.00329099484732134	0.00609377683878005	0.00482033304119194
ccallcenter_transacciones	0.00297700587528489	0.0101096206434716	0.00340950385840405
ctarjeta_visa_debitos_automaticos	0.00286768383652946	0.00364671638573305	0.00466001154314786
Visa_fultimo_cierre	0.0028433081289169	0.00443983848408522	0.0047348282422351
tcallcenter	0.00276442216365856	0.00199762529836516	0.00125050768474381
mextraccion_autoservicio	0.00272371926962133	0.00367633011782934	0.00409354225005878
ccaja_ahorro	0.00264796459116621	0.00634003304151124	0.00219106047326906
cdescubierto_preacordado	0.00244822764108117	0.0060892136640492	0.00245826297000919
Master_mconsumospesos	0.00227783611558962	0.00372519304285528	0.00312092516192471
cpagomiscuentas	0.00223008306612347	0.00191975121132042	0.00270408926701011
matm	0.00190485440787946	0.00303654991926275	0.00245826297000919
ccuenta_debitos_automaticos	0.00157224455345293	0.00221916711440572	0.00210555567431222
mtarjeta_master_consumo	0.00154073761171284	0.00232010311064327	0.00161390308031038
cextraccion_autoservicio	0.00147520933130431	0.00328195384420567	0.00244757487013959
mplazo_fijo_dolares	0.0011846614583007	0.003492846026982	0.000897800389046835
Visa_mpagado	0.00115099534024064	0.00359235254672548	0.0018490412774417
Master_mconsumototal	0.000997640148807979	0.00167673386448496	0.00143220538252709
Master_cconsumos	0.000978854323515881	0.000942476686777356	0.00153908638122315
catm_trx	0.00086931646706752	0.00224074312918584	0.00138945298304867
Visa_mpagosdolares	0.000847106987151545	0.00182827606605019	0.00150702208161433
ctarjeta_master_transacciones	0.000837389402309399	0.000730262522002771	0.000844359889698809
active_quarter	0.000660095278989868	0.00215590359911241	0.00153908638122315
matm_other	0.000646409546715805	0.00208662740256391	0.00112225048630854
ccajas_transacciones	0.000625346795696585	0.00140293136261587	0.000630597892306706
Visa_msaldodolares	0.000593910809137278	0.00248916357668842	0.00119706718539578
catm_trx_other	0.000458945106224412	0.00275265862497717	0.000940552788525256
cseguro_vida	0.000429433631552465	0.00185950288325142	0.00059853359269789
ccajas_otras	0.000428739828849178	0.00455035050396418	0.0010367456873517
Master_mconsumosdolares	0.000418084688948149	0.000180492271991686	0.000299266796348945
mttarjeta_master_debitos_automaticos	0.00037811174201478	0.00284083449042701	0.000855047989568415
cplazo_fijo	0.00033233239662631	0.000498929025661491	0.000171009597913683
cseguro_vivienda	0.000329926226375812	0.00170702761610913	0.000705414591393942
cseguro_accidentes_personales	0.000317971169757604	0.00179852145607429	0.00088711228917723
Master_mpagosdolares	0.000198872330612141	0.000105021788580138	0.000224450097261709
Master_mpagado	0.00013787958467635	0.000104111089870228	0.000160321498044078
ccajas_extracciones	0.000130134125297614	0.00264064869266737	0.000545093093349864
ctarjeta_master_debitos_automaticos	0.000120896309357244	0.0000922115827167348	0.0000855047989568415
Master_msaldodolares	0.000101975746817665	0.000108385164497418	0.000160321498044078
tcuentas	0.0000812873859711377	0.00170127432374602	0.000342019195827366
Visa_delinquency	0.0000639468450167949	0.00020974913571521	0.000171009597913683
Master_cadelantosefectivo	0.000041564612619292	0.0000263845573818591	0.0000534404993480259
Master_madelantodolares	0.0000380855361025529	0.0000123425046564446	0.0000320642996088155
Visa_madelantopesos	0.0000149336441819545	0.0000272491870221326	0.0000427523994784207
mcaja_ahorro_adicional	0.00000822247523892159	0.000206087312346809	0.0000427523994784207
ctarjeta_visa_descuentos	0.00000296850376870776	0.000109019448789511	0.0000213761997392104
Master_delinquency	0.00000207262466271657	0.00000471106312105771	0.0000213761997392104
