Feature	Gain	Cover	Frequency
ctrx_quarter	0.149932373850071	0.0212816591045218	0.021679006042039
mcaja_ahorro	0.0502420320184811	0.0144081936675165	0.0217960173602247
mcuentas_saldo	0.0461630683021576	0.0217759959779346	0.0275082971661986
cpayroll_trx	0.0377008354342032	0.00773187679983053	0.00271253510339546
mprestamos_personales	0.0373530760647274	0.0234946814656348	0.00816951748787337
mpayroll	0.0364875398166114	0.0150900498377348	0.00761637307463195
mtarjeta_visa_consumo	0.033937293501977	0.00925693257189655	0.0124031997276828
mpasivos_margen	0.0336893406063264	0.0184274871418902	0.0215726321164156
mcuenta_corriente	0.0251224273428968	0.0139122958527085	0.019774912773381
mrentabilidad_annual	0.0249351599737374	0.0292807177787622	0.0313696706663263
Visa_mpagominimo	0.0205414721822789	0.0170263360807874	0.0218172921453493
cliente_edad	0.0188613786896003	0.0305103941244188	0.0349757467449579
Master_fechaalta	0.0156306401377642	0.0203519314430447	0.0310824610671432
Master_Fvencimiento	0.0147033387007965	0.0172620651736549	0.0278167815505063
Visa_fechaalta	0.0142412853558707	0.0154512988083665	0.0258595013190367
cproductos	0.0141258713745979	0.0128737647441926	0.011679857033444
Visa_msaldototal	0.0141035576554982	0.00912097652029873	0.0133286528806059
Visa_Fvencimiento	0.0139716784212937	0.0172796468235894	0.0274444728108246
mactivos_margen	0.0136107037733862	0.0240518229542073	0.0231895157858906
Visa_status	0.0135501545401481	0.00975396366357952	0.00238277593396307
mrentabilidad	0.0133290950631529	0.016754227197346	0.0221576887073441
Master_status	0.0129272665175071	0.00459772474392517	0.00146796017360225
ctarjeta_visa_transacciones	0.0123596795341864	0.0144521953674728	0.0133499276657306
Visa_msaldopesos	0.0122402500462174	0.0140450723857072	0.0164666836864948
cprestamos_personales	0.0118380916325357	0.00928051857713034	0.00516977278529487
numero_de_cliente	0.0116261209236123	0.0228627419981167	0.0249553229512382
cliente_antiguedad	0.0113310037593732	0.0181772137038875	0.0230937792528295
Visa_mpagospesos	0.0110381099649781	0.0142218206071169	0.019615351884946
chomebanking_transacciones	0.0105688457838462	0.0201570627280465	0.0229980427197685
Master_mfinanciacion_limite	0.0104037620357996	0.0140744680122362	0.0207748276742405
mtransferencias_recibidas	0.0100207468902978	0.0133933822520271	0.0186473491617735
mcomisiones_otras	0.00989092355019343	0.0111935063119114	0.0187005361245851
mcomisiones_mantenimiento	0.00985765199357164	0.0135028159415169	0.0112649987235129
mautoservicio	0.00984742983070764	0.0134494305180539	0.0155625053186963
Visa_mfinanciacion_limite	0.00920082155977099	0.0120771205519729	0.0184133265254021
ctarjeta_master	0.00912499010469795	0.000268829098997872	0.000531869628116756
Visa_mconsumospesos	0.00906275623051931	0.00929199560592098	0.0187218109097098
mcomisiones	0.00852099465278231	0.0119284378999715	0.0166687941451791
mcaja_ahorro_dolares	0.00742256543563875	0.012796927685369	0.0150838226533912
ccomisiones_otras	0.00737890377249468	0.0200048448524263	0.0149242617649562
Visa_cconsumos	0.00700610697764007	0.0101529009963678	0.0149455365500808
Master_mlimitecompra	0.00700241918594108	0.0121207123215037	0.0154454940005106
mtransferencias_emitidas	0.00696869029620482	0.0165974745090247	0.0149348991575185
ccaja_seguridad	0.00669629886313623	0.010494221959888	0.00241468811165007
ccomisiones_mantenimiento	0.00650719027875595	0.0101555958967185	0.00468045272742745
ctarjeta_debito_transacciones	0.0064764172196202	0.012624007641185	0.0127861458599268
Visa_mlimitecompra	0.0061600468315359	0.00929358076117665	0.0132541911326696
mcuenta_debitos_automaticos	0.00591787755822086	0.0135680023820436	0.00919070717385754
ccajas_consultas	0.00542764623339497	0.012271156105549	0.00344651519019658
mttarjeta_visa_debitos_automaticos	0.00529532466586364	0.00879913543695247	0.011871330099566
ctransferencias_recibidas	0.00491452371354049	0.00837861195917552	0.00995659943834567
Visa_mconsumototal	0.00456611600318023	0.00501781237221487	0.00948855416560293
mpagomiscuentas	0.00424297320173442	0.0136100676552482	0.00915879499617054
Master_mpagospesos	0.00411016507894716	0.0126071981064611	0.00881839843417582
Master_msaldopesos	0.00402856956606587	0.00612198009443675	0.00720151476470088
ccallcenter_transacciones	0.0040242607809903	0.00895660533299805	0.003967747425751
Master_msaldototal	0.00380837112449637	0.00722730428427308	0.0067547442770828
Visa_mconsumosdolares	0.003768009957624	0.00820153190556624	0.00791422006637733
Master_mpagominimo	0.0035144270309361	0.00851367755458303	0.00705259126882819
ccaja_ahorro	0.00348952454468168	0.00949929251107126	0.00369117521913029
ctransferencias_emitidas	0.00312093725823197	0.0122472382681156	0.00730788869032423
internet	0.00299685054110877	0.0105736410347272	0.00384009871500298
thomebanking	0.00288655509710346	0.00310396044134562	0.00386137350012765
cdescubierto_preacordado	0.00277519445843914	0.00898878487139283	0.00243596289677474
ctarjeta_visa	0.00274591686765135	0.000519867831405418	0.00041485830993107
mextraccion_autoservicio	0.00272250065457352	0.0051567828789127	0.00607395115309335
tcallcenter	0.00268907881906041	0.00326693199930696	0.00229767679346439
ctarjeta_visa_debitos_automaticos	0.0025439869037516	0.00758577411760306	0.00624414943409072
cpagomiscuentas	0.00246624563462803	0.00479937402191671	0.00502084928942218
cmobile_app_trx	0.00233629499085244	0.00292786428896539	0.00503148668198451
ctarjeta_debito	0.00228520346074455	0.00398777998766011	0.00476555186792613
Master_mconsumospesos	0.00217587020912358	0.00593765668616415	0.00509531103735852
mtarjeta_master_consumo	0.00215871595592113	0.00361210126142975	0.00274444728108246
Master_fultimo_cierre	0.00211931911004753	0.0053253041854703	0.0043932431282444
ccuenta_debitos_automaticos	0.00202667378614435	0.00447046215029254	0.00352097693813293
matm	0.00189437957744641	0.00556115298347867	0.00424431963237171
cextraccion_autoservicio	0.00181287533668533	0.00316122758535945	0.00352097693813293
mplazo_fijo_dolares	0.00170505456948551	0.0103691150819118	0.00286145859926815
Visa_fultimo_cierre	0.00159490052038148	0.00216013894895295	0.00353161433069526
Master_cconsumos	0.00122769730597007	0.00215107887267885	0.00268062292570845
catm_trx	0.00110280381078418	0.00424366831295396	0.00276572206620713
Master_mconsumototal	0.00108524559390058	0.00331286807977312	0.00262743596289678
tmobile_app	0.00107638673676243	0.00834065724455453	0.0017551697727853
ctarjeta_master_transacciones	0.0010042719911908	0.0014026806267916	0.00149987235128925
Visa_mpagado	0.000937634422619636	0.00393691894440412	0.00220194026040337
ccajas_transacciones	0.000927193925394145	0.00172711327528154	0.000840354012424475
Visa_msaldodolares	0.000771195564806466	0.00284799742822883	0.00173389498766062
matm_other	0.000752210938706964	0.00399735469372784	0.00192536805378266
catm_trx_other	0.000734662891594547	0.00717391749664888	0.00224448983065271
Visa_mpagosdolares	0.000704313035667177	0.00435590671776707	0.001967917624032
mttarjeta_master_debitos_automaticos	0.000462753395225797	0.00736428072841069	0.00182963152072164
ccajas_otras	0.000438854599685919	0.00464877779286294	0.00110628882648285
cplazo_fijo	0.00041405202285792	0.00167289332623531	0.000595693983490767
Master_mconsumosdolares	0.000368722766294346	0.000261824472535709	0.000659518338864778
cseguro_vida	0.000305418397522366	0.0027046305711866	0.000840354012424475
cseguro_vivienda	0.000297441194734967	0.00259871130185805	0.000978640115734831
Master_mpagosdolares	0.000268092717140611	0.000179329896385021	0.000468045272742745
active_quarter	0.000233304871371516	0.000479310638351554	0.000521232235554421
tcuentas	0.000206043656052449	0.00508976505204286	0.00103182707854651
ccajas_extracciones	0.000168430548264263	0.00468725566328474	0.00103182707854651
cseguro_accidentes_personales	0.000147087156164666	0.000456819713480493	0.000319121776870054
Master_mpagado	0.0000889712280113023	0.00120596245031506	0.000340396561994724
Master_msaldodolares	0.000079504978811188	0.00020381045029256	0.000159560888435027
Master_cadelantosefectivo	0.0000632385468353253	0.000024788172246742	0.0000531869628116756
Master_madelantopesos	0.0000570549726694973	0.0000485665242026001	0.000138286103310357
ctarjeta_master_debitos_automaticos	0.0000469610988296111	0.000168081023546617	0.000117011318185686
Master_madelantodolares	0.0000312982993667789	0.0000055340607430505	0.0000212747851246702
Visa_madelantodolares	0.0000310249402789166	0.000021930936719209	0.0000531869628116756
Visa_madelantopesos	0.000026357275783323	0.0000311710822650407	0.0000957365330610161
Visa_delinquency	0.0000204208765041554	0.0000462443808859408	0.0000531869628116756
ctarjeta_visa_descuentos	0.0000181394612298009	0.00172627909073864	0.000329759169432389
Master_delinquency	0.0000168683014165127	0.0000209231626700494	0.0000425495702493405
mtarjeta_visa_descuentos	0.00000917448052284269	0.00000614384077685676	0.0000319121776870054
Visa_cadelantosefectivo	0.00000241810883099311	0.0000183489905810283	0.0000106373925623351
