Feature	Gain	Cover	Frequency
ctrx_quarter	0.143917078901581	0.0206922773593468	0.0210126501473545
mcaja_ahorro	0.0671025587291451	0.0152558765221285	0.0219382706854912
mcuentas_saldo	0.0386939504893228	0.0227088958910231	0.0255343596727346
cpayroll_trx	0.0371245999601959	0.0082058176729263	0.00267046844910683
mpayroll	0.0358535239783634	0.0149950266686497	0.00745816088774457
mprestamos_personales	0.0346411258177084	0.0243404847856745	0.00818163441180539
mpasivos_margen	0.0307766137463434	0.0171299405232958	0.0215552552904001
mtarjeta_visa_consumo	0.028180327950808	0.00834504562234119	0.0120224276792459
mrentabilidad_annual	0.0260217043320709	0.0284551826097981	0.0317051632603122
ctarjeta_visa_transacciones	0.0214362245852537	0.0142315869410997	0.0139587832877616
mcuenta_corriente	0.0213289847711511	0.0150538633850159	0.0218744347863093
Visa_mpagominimo	0.0207892729031789	0.0167100610217636	0.0215552552904001
cliente_edad	0.0188556567670542	0.03042343331096	0.0352693342979647
cprestamos_personales	0.0158676214587587	0.00882752130907756	0.00493664287006203
mactivos_margen	0.0158283749309803	0.0233103433307063	0.0227574980583247
cproductos	0.0150766043279634	0.0123342258957227	0.0116074943345639
Master_Fvencimiento	0.0148238459530404	0.0176158553007776	0.0284814503516294
Master_fechaalta	0.0148082380522291	0.0198671319193211	0.0294921854220085
Visa_msaldopesos	0.0139605563945265	0.0157753514193339	0.0164590226723835
Visa_Fvencimiento	0.013801767033154	0.016263609347512	0.0269068315051441
Visa_fechaalta	0.0136130587762986	0.0137515185492817	0.0243533955378706
Visa_status	0.0135850120383532	0.00945936453454003	0.00223425647136428
mrentabilidad	0.0129558048299894	0.016417712582112	0.0218425168367184
mcomisiones_mantenimiento	0.0124129084128777	0.01313367076981	0.0114266259535487
numero_de_cliente	0.0123371843512253	0.0225787362881109	0.0263855049951591
Master_status	0.0117861587113301	0.00455743050557023	0.00131927524975796
Visa_msaldototal	0.0117191752871344	0.00871767861668308	0.0137779149067464
chomebanking_transacciones	0.0114967396217526	0.0212396457316405	0.0246725750337798
cliente_antiguedad	0.0111255624067256	0.0185356837867293	0.0228532519070975
Master_mfinanciacion_limite	0.0108648841017242	0.0149054213067756	0.0217999595705972
mtransferencias_recibidas	0.0101130159044847	0.0141407216769408	0.0192890808694449
mcomisiones_otras	0.00987976300455864	0.0117738626586975	0.0190018193231267
Visa_mpagospesos	0.00951771642936836	0.0152979458702703	0.0202466193571725
ctarjeta_master	0.00923960492909826	0.000383072723729122	0.000723473524060814
Visa_mfinanciacion_limite	0.00886981139470039	0.0121585890684912	0.0189379834239448
mcomisiones	0.00870548146771956	0.0119200624333069	0.0170867423476716
Visa_mconsumospesos	0.00796835569312258	0.00868485838512403	0.0169484312327776
mautoservicio	0.00787309505741514	0.0135129504090126	0.0149482397250801
mcaja_ahorro_dolares	0.00757446970972335	0.0128676581640063	0.0150546328903831
mtransferencias_emitidas	0.00701555229777226	0.0159813799161379	0.0149163217754891
Master_mlimitecompra	0.00700758402125231	0.00994867792673411	0.0147567320275346
Visa_cconsumos	0.00699100501573378	0.0099735192345121	0.0145865029630497
ccaja_seguridad	0.00668629805210725	0.0107941413063292	0.00240448553584918
ccomisiones_otras	0.00663088202511677	0.0199769286474068	0.0134055388281857
ccomisiones_mantenimiento	0.00655416406191966	0.0110555832075465	0.00513878988413784
mcuenta_debitos_automaticos	0.00615589034265569	0.0147911248786702	0.0099584002723665
Visa_mlimitecompra	0.00585523047743215	0.0084787842670285	0.0124054430743369
ctarjeta_debito_transacciones	0.00550038436604282	0.0129782400585309	0.0123203285420945
mttarjeta_visa_debitos_automaticos	0.00537448357753754	0.00929010474062668	0.0122564926429126
ccajas_consultas	0.0052440537302612	0.0125763771939737	0.00347905650541009
ctransferencias_recibidas	0.00500490755984301	0.00867712986392069	0.0102137438690939
Visa_mconsumototal	0.00472076113124494	0.00505365432287471	0.00983072847400283
mpagomiscuentas	0.00433014482013706	0.0148349240627016	0.00936259854666936
Visa_mconsumosdolares	0.00432570280680925	0.00871420316611132	0.00850081390771457
Master_mpagospesos	0.00410703592928677	0.0127833771155723	0.00894766520198742
Master_msaldopesos	0.00399701639672485	0.0072163196434759	0.00764966858529008
Master_msaldototal	0.00378178700331768	0.00770292491464116	0.00657509761572917
Master_mpagominimo	0.00341277040516609	0.0088093266461603	0.0069900309604111
ccallcenter_transacciones	0.00337270722256533	0.00910137768987371	0.00383015395091019
ccaja_ahorro	0.00326027440041982	0.00911645466918984	0.0034896958219404
tcallcenter	0.00319488325747502	0.00356549430965082	0.00238320690278857
mextraccion_autoservicio	0.00310308192630728	0.00545729916194044	0.00717089934142631
ctransferencias_emitidas	0.00305502702701683	0.0118960182975708	0.00721345660754753
internet	0.0029518121795094	0.00946369169689324	0.00346841718887979
thomebanking	0.00283582954881619	0.00317240685488211	0.00405357959804662
cdescubierto_preacordado	0.00282825123686196	0.00831857429668746	0.00236192826972795
ctarjeta_visa	0.00271338109144069	0.000481005514889697	0.000329818812439489
ctarjeta_visa_debitos_automaticos	0.00267631956033302	0.00750358525381717	0.00631975401900182
cpagomiscuentas	0.00263550575004854	0.00508502599267255	0.00518134715025907
cmobile_app_trx	0.00231426978966426	0.00285628320500256	0.00491536423700142
Master_fultimo_cierre	0.00226329130771469	0.00522118050770894	0.00431956251130427
cextraccion_autoservicio	0.00223118414303756	0.00376722960280733	0.00439403772701642
ctarjeta_debito	0.00216741914773452	0.0035876333276929	0.00443659499313764
mtarjeta_master_consumo	0.00216486017035449	0.00358026085837403	0.00271302571522805
Master_mconsumospesos	0.00209854622614618	0.00599811830626659	0.00511751125107723
matm	0.00183774266503904	0.00542416987185739	0.00417061207987999
mplazo_fijo_dolares	0.00179174010478243	0.0107060400750076	0.00294709067889479
ccuenta_debitos_automaticos	0.0017367830545453	0.00409123407354023	0.00338330265663734
Visa_fultimo_cierre	0.00163457903128287	0.00225546554495313	0.00350033513847071
Master_mconsumototal	0.00118699555670186	0.00341860301230624	0.00271302571522805
tmobile_app	0.00114601891471718	0.00842803795504307	0.00176612654403081
Master_cconsumos	0.00113818068416986	0.00149271390996596	0.00239384621931887
ctarjeta_master_transacciones	0.00103412983885864	0.00170026403120108	0.00165973337872775
ccajas_transacciones	0.00102335145028679	0.00183637909925605	0.000936259854666936
catm_trx	0.00100900748158828	0.00446188339924252	0.00264918981604622
catm_trx_other	0.000811698238139976	0.0065806771591768	0.00219169920524306
Visa_mpagado	0.000772908159338773	0.00360456019892903	0.00198955219116724
Visa_msaldodolares	0.000737311859206479	0.0035862032888621	0.00168101201178836
Visa_mpagosdolares	0.000722962657773258	0.00408033435804791	0.00188315902586418
matm_other	0.000544593280952914	0.0024421121962077	0.00150014363077316
mttarjeta_master_debitos_automaticos	0.00047632549882758	0.00660216341543068	0.00177676586056112
ccajas_otras	0.00042555060527036	0.00556510982026593	0.00125543935057612
Master_mconsumosdolares	0.000376654330903697	0.000315168346894718	0.000702194891000202
cseguro_vida	0.000358457455565491	0.00304264412290476	0.00092562053813663
cseguro_vivienda	0.000351274973794886	0.00231460000027469	0.000957538487727548
cplazo_fijo	0.000276466638538525	0.00141584203369438	0.000500047876924386
active_quarter	0.000263143235861348	0.000609534756908896	0.00062771967528806
tcuentas	0.000237768802332095	0.00563773171306099	0.00111712823568214
Master_mpagosdolares	0.000234424918917053	0.000160095402586308	0.000425572661212244
cseguro_accidentes_personales	0.000156730037121683	0.000594253682341071	0.000425572661212244
ccajas_extracciones	0.00015662472424533	0.00519411096000653	0.00109584960262153
Master_madelantopesos	0.000093446238251888	0.0000491276136782665	0.000127671798363673
ctarjeta_master_debitos_automaticos	0.0000831236740428015	0.0000980140862440235	0.000117032481833367
Master_cadelantosefectivo	0.000076316578448593	0.0000230826584411025	0.0000744752157121427
Master_msaldodolares	0.000054306977648173	0.000111997183614501	0.000117032481833367
Master_mpagado	0.0000523757062959334	0.000403247968130922	0.000148950431424285
Visa_madelantopesos	0.000039840627570797	0.0000542529771250879	0.000148950431424285
Visa_delinquency	0.0000250571630350823	0.0000624761291737193	0.000106393165303061
Visa_madelantodolares	0.0000196345887105623	0.0000576845214914379	0.0000425572661212244
ctarjeta_visa_descuentos	0.0000108795817696489	0.00093808900817711	0.000180868381015204
mtarjeta_visa_descuentos	0.00000618260391329067	0.000201419717305149	0.0000425572661212244
Master_delinquency	0.00000556880422799134	0.0000138530938404049	0.0000212786330606122
mcaja_ahorro_adicional	0.00000270178474491686	0.0000272393412311294	0.0000106393165303061
cforex	0.000000410256340380719	0.0000131077174001731	0.0000106393165303061
