Feature	Gain	Cover	Frequency
ctrx_quarter	0.143662769135143	0.0226202678192373	0.0225865480775369
mcaja_ahorro	0.064835507225174	0.0156554533770157	0.0224482413771092
mcuentas_saldo	0.0365516813209814	0.0230040954087362	0.026948528629487
mpayroll	0.0353632669304211	0.0152945116386788	0.00754303466178692
cpayroll_trx	0.0352874081349233	0.00796847740253445	0.00253207651552227
mpasivos_margen	0.0328261676682613	0.0181441525395449	0.0226929378470966
mprestamos_personales	0.0327316864371972	0.0232319000385106	0.00816009532523353
mtarjeta_visa_consumo	0.0277884795846763	0.00783675923039089	0.0120539608911207
mrentabilidad_annual	0.0267424381732152	0.0293114482712082	0.0335127774113241
mcuenta_corriente	0.0249047975561562	0.0159475420700251	0.0216715960593229
Visa_mpagominimo	0.020939446668409	0.016928551517647	0.0223524905845054
cliente_edad	0.0183525234644256	0.0309024666393582	0.0341191990978148
cproductos	0.0167645142203482	0.0135241156886299	0.0113198714811584
mactivos_margen	0.0159856084294854	0.0238979093540237	0.0233419154414112
Master_Fvencimiento	0.0154164371831804	0.0169935134906354	0.0281294550716003
Visa_msaldototal	0.0154089503742218	0.00889387880354402	0.0135008617571334
Master_fechaalta	0.0152392038777277	0.0192731554521522	0.0295338000297891
Visa_msaldopesos	0.0144211124510048	0.015228355220775	0.0159265485030959
Master_status	0.0143858163086087	0.00424790943106043	0.00128731621167309
ctarjeta_visa_transacciones	0.0143855568481604	0.0145906471874839	0.0136178905036492
Visa_mpagospesos	0.0142094904202927	0.0148453512216861	0.0208311168798008
Visa_fechaalta	0.0135067823287421	0.0145894336369087	0.0245973147222163
mrentabilidad	0.0133800014136369	0.0174836535010461	0.0230653020405558
cprestamos_personales	0.0133085410479867	0.00861034978733551	0.00496840223844075
mcomisiones_mantenimiento	0.0126751884903467	0.0136953938354276	0.0118730982828691
Visa_status	0.0125459884803505	0.0098006160218811	0.00245760367683044
Visa_Fvencimiento	0.0124037156053389	0.0165873145381013	0.024735621422644
numero_de_cliente	0.0118705642918456	0.022112065113268	0.0256824903717259
cliente_antiguedad	0.0114326472455125	0.0189784022019339	0.0235972508883546
chomebanking_transacciones	0.0112925978181557	0.0206887695333145	0.0238845032661659
Master_mfinanciacion_limite	0.010480263599166	0.0148184231587684	0.0218630976445305
mtransferencias_recibidas	0.0102067034553935	0.0133148510547388	0.0185118199033981
mcomisiones_otras	0.00960978490226607	0.0103896530689606	0.0175223950464923
mautoservicio	0.0095347331616603	0.0136782980227281	0.0151605421622657
Visa_mfinanciacion_limite	0.0090586342623969	0.0120951917859779	0.0185969317190459
ccomisiones_mantenimiento	0.00859092257691701	0.0106645517856612	0.00533012745494393
mcomisiones	0.0082947490669938	0.0124321497800543	0.0171606698299891
Visa_mconsumospesos	0.00818601394036097	0.0087748464483915	0.0174904781156244
ctarjeta_master	0.00789246601956346	0.000295990682868395	0.000553226801710748
mcaja_ahorro_dolares	0.00746642321184326	0.0134723038684022	0.0150754303466179
mtransferencias_emitidas	0.00706016029061526	0.014305923044015	0.0150754303466179
Master_mlimitecompra	0.00698213245346318	0.0107329974710261	0.0148626508074984
ccomisiones_otras	0.0067651956073158	0.0216210104193903	0.0143094240057876
ccaja_seguridad	0.00654674867654063	0.0105480089662261	0.00243632572291848
Visa_cconsumos	0.00650977343196748	0.00921866444523885	0.0136285294806051
mcuenta_debitos_automaticos	0.00631933599153752	0.0145872842501716	0.00998999936166138
ctarjeta_debito_transacciones	0.00622037084471567	0.0117746677299549	0.0118943762367811
Visa_mlimitecompra	0.00577251013655184	0.00844454404740492	0.0121177947528566
mttarjeta_visa_debitos_automaticos	0.00550669619079365	0.00967411642426609	0.0122454624763283
ccajas_consultas	0.00537183132132014	0.0123993900556293	0.00352150137242803
Visa_mconsumototal	0.00477290344967448	0.00557158059457941	0.0102559737855608
ctransferencias_recibidas	0.00447286053951039	0.00797531859346321	0.00920271506691916
Master_mpagospesos	0.00425266556228594	0.0128695909217426	0.00906440836649148
mpagomiscuentas	0.00422396286042605	0.0149743400138461	0.00930910483647892
Master_msaldopesos	0.00404264752104739	0.00658282406662407	0.00718130944528374
Visa_mconsumosdolares	0.00391302458826615	0.00764913482687181	0.00785156499351022
Master_msaldototal	0.00389485727394037	0.00723811203638927	0.00698980786007618
Master_mpagominimo	0.00356254618382551	0.00925190761109348	0.00731961614571143
ccallcenter_transacciones	0.00353692359803032	0.00848552705254789	0.00355341830329596
internet	0.00340049229138964	0.0101535122303715	0.00373428091154755
ctransferencias_emitidas	0.00323262955924169	0.0115996503325798	0.00710683660659191
ccaja_ahorro	0.00316962468250716	0.00967377729880313	0.00357469625720791
tcallcenter	0.00304659903733484	0.00332311770530468	0.00223418516075494
mextraccion_autoservicio	0.00294310200175748	0.00517199185919296	0.00627699640402579
cdescubierto_preacordado	0.00291537052323207	0.00821967247759535	0.00232993595335872
thomebanking	0.00264270207292628	0.00325485147667366	0.0037981147732834
cmobile_app_trx	0.00255761227930538	0.00262892412973648	0.00500031916930868
cpagomiscuentas	0.00250852762876706	0.00507381367297723	0.00519182075451625
cextraccion_autoservicio	0.00248307698662166	0.00331461159258595	0.00381939272719535
ctarjeta_visa_debitos_automaticos	0.00245815085967346	0.00718296525499417	0.00585143732578675
ctarjeta_debito	0.00236323448799762	0.00433962308078512	0.00492584633061685
Master_fultimo_cierre	0.00231821402700654	0.00586883736858767	0.00488329042279294
Master_mconsumospesos	0.00213727105252922	0.00498065379303376	0.00486201246888099
matm	0.00182871525961955	0.00550907062833369	0.00413856203587463
ccuenta_debitos_automaticos	0.0017664284203071	0.00355045902282686	0.00311722024810094
mtarjeta_master_consumo	0.00175352923984564	0.00295041199806619	0.00242568674596251
Visa_fultimo_cierre	0.00173231693235955	0.00236392555658127	0.00368108602676767
mplazo_fijo_dolares	0.00157832841690542	0.0102242048778079	0.00289380173202545
Master_mconsumototal	0.00134296851223014	0.00269131263857292	0.00289380173202545
ctarjeta_visa	0.0011905506504556	0.000624160755742827	0.000361725216503181
tmobile_app	0.00112140485665481	0.00815819114643093	0.00169159733600017
ccajas_transacciones	0.00111948182156496	0.00196433716236732	0.00104261974168564
catm_trx	0.00109039297493733	0.00408563107358607	0.0025639934463902
Master_cconsumos	0.00106965503132544	0.00147956106596934	0.00225546311466689
ctarjeta_master_transacciones	0.00106919239774451	0.00161267668066448	0.00143626188905675
Visa_mpagado	0.000973131335380516	0.00363156493724549	0.00218099027597506
Visa_mpagosdolares	0.000784478239089323	0.00449263382852534	0.00209587846032726
matm_other	0.000721335468163109	0.00361766522850677	0.0019894886907675
catm_trx_other	0.000707697992254673	0.00663372188572978	0.00222354618379897
Visa_msaldodolares	0.00067695255874937	0.00314081593392601	0.00163840245122029
mttarjeta_master_debitos_automaticos	0.000421282019495323	0.00630912423008131	0.00160648552035236
ccajas_otras	0.000400554923631879	0.00496868170890842	0.00115964848820137
cplazo_fijo	0.000384198074468592	0.00173310613719608	0.000617060663446603
Master_mconsumosdolares	0.000344410284774534	0.000253960278156737	0.000648977594314531
cseguro_vivienda	0.000338351398582849	0.00315063590193432	0.00110645360342149
cseguro_vida	0.000306754165345302	0.002789100523451	0.000861757133434049
tcuentas	0.000249214771274495	0.00584450596955183	0.00117028746515735
Master_mpagosdolares	0.000198483896696301	0.000179908787478087	0.000436198055195012
active_quarter	0.000184665900237392	0.000569808223922941	0.000457476009106964
cseguro_accidentes_personales	0.000160520171261074	0.000656826998903429	0.000393642147371109
ccajas_extracciones	0.000149007162909711	0.00460865499521101	0.00098942485690576
ctarjeta_master_debitos_automaticos	0.000110090631675737	0.0000868369300390843	0.000138306700427687
Master_msaldodolares	0.000104059931032455	0.00017925305393704	0.000159584654339639
Master_madelantopesos	0.0000831708143443794	0.000105795885749808	0.000138306700427687
Master_cadelantosefectivo	0.000061782948489506	0.0000220138142573102	0.0000638338617358555
Master_mpagado	0.0000532740495694838	0.000671795942250703	0.000255335446943422
Visa_madelantopesos	0.0000319428944060071	0.0000551184640777696	0.000127667723471711
ctarjeta_visa_descuentos	0.0000134936394133934	0.00122173496223841	0.00023405749303147
Visa_delinquency	0.0000129647406310442	0.0000457546436992107	0.0000425559078239037
mtarjeta_visa_descuentos	0.00000921532147969238	0.000252375190731291	0.0000638338617358555
Visa_madelantodolares	0.0000060796548283998	0.00000374129761244907	0.0000106389769559759
Master_delinquency	0.00000578707169828363	0.0000303087411998119	0.0000319169308679277
cforex	0.000000408241610523471	0.0000107568276876625	0.0000106389769559759
Master_madelantodolares	0.000000389841948453382	0.00000619159849267971	0.0000106389769559759
