Feature	Gain	Cover	Frequency
ctrx_quarter	0.108503145008346	0.0193602091995806	0.0230104321907601
mcaja_ahorro	0.0504917138318416	0.0149624798205667	0.0225420481158186
mpasivos_margen	0.0400556943343718	0.0179194696584294	0.0211624441132638
mpayroll	0.0337438845193146	0.015225598946086	0.0084053651266766
mprestamos_personales	0.0329323694172139	0.0259878258874263	0.00836278475622738
cpayroll_trx	0.0319299292156245	0.00818151671541948	0.0029806259314456
mcuentas_saldo	0.0317072847374369	0.0229063708374221	0.0259995741962955
mcuenta_corriente	0.0290957605859861	0.0153778154300024	0.0205152224824356
mtarjeta_visa_consumo	0.0287592985334296	0.0103673982917263	0.0150308707685757
mrentabilidad_annual	0.0246032500380759	0.028633021509361	0.029150521609538
Visa_mpagominimo	0.023241555107745	0.015971733421987	0.0229934000425804
ctarjeta_visa_transacciones	0.0215103081634093	0.0178283103533106	0.0162827336597828
mautoservicio	0.0187579686022661	0.0144144425832827	0.0159420906961891
cproductos	0.018209358159605	0.0114210289905957	0.0108665105386417
cliente_edad	0.0170759479446012	0.0293818859555431	0.0294400681285927
Visa_msaldototal	0.016639072456382	0.0100010879071422	0.0171087928464978
Visa_msaldopesos	0.0157687335082094	0.0148421885884155	0.0184798807749627
Visa_mpagospesos	0.014945839332009	0.0143023648513983	0.0217670853736428
mactivos_margen	0.014692380944046	0.0216134392539291	0.0230274643389398
Master_fechaalta	0.0143947690204515	0.0171560539078729	0.0267149244198425
cprestamos_personales	0.0143453635072305	0.0105479170289518	0.00447945497125825
Master_Fvencimiento	0.0141805824069897	0.0161411088525485	0.0257355758995103
mrentabilidad	0.0141422085449592	0.0156709355843138	0.0223461784117522
Visa_fechaalta	0.0136656393044766	0.0141848696399139	0.0241004896742602
mcomisiones_mantenimiento	0.0135846686382334	0.0123705164286668	0.0108835426868214
Master_status	0.0132807315516689	0.00449966332180672	0.00139663615073451
Visa_Fvencimiento	0.0125810200533763	0.0157453585304596	0.0228826910794124
Visa_status	0.0125091320205578	0.00866446399346474	0.0021205024483713
numero_de_cliente	0.0119118459890412	0.0207783777063549	0.0235128805620609
mtransferencias_recibidas	0.0117325021254387	0.014192214038421	0.0184969129231424
chomebanking_transacciones	0.0110268873829847	0.0183075766703164	0.0222269533744944
mcomisiones_otras	0.0109713609557263	0.0116849376878184	0.0200638705556738
cliente_antiguedad	0.0108392113079079	0.0180057267443557	0.0217074728550138
Master_mfinanciacion_limite	0.0106400138256679	0.0151061266039216	0.0218692782627209
mcomisiones	0.0106322412138068	0.0129896157932331	0.0185991058122206
ctarjeta_debito_transacciones	0.0101870834015766	0.0124339675969566	0.0134383649137748
Visa_mconsumospesos	0.00975183553711425	0.0089827712492178	0.0189482648499042
Visa_mfinanciacion_limite	0.00904105085634125	0.0132423666931459	0.0182414307004471
ccomisiones_mantenimiento	0.00845369545918198	0.0101713236776775	0.00539919097296147
Master_mlimitecompra	0.00816266882096162	0.0112176224467351	0.0160698318075367
mcaja_ahorro_dolares	0.00773566101295404	0.012846490673129	0.0137364275069193
mtransferencias_emitidas	0.00752997816790705	0.0156841187021259	0.0137193953587396
Visa_mlimitecompra	0.00744522871629281	0.0104757414808808	0.0140770704705131
ccomisiones_otras	0.00743932920793184	0.0180514477649601	0.0124675324675325
Visa_cconsumos	0.00720654151688892	0.00987170834410456	0.014741324249521
mcuenta_debitos_automaticos	0.00673917375070696	0.0148980766505433	0.0100404513519268
ccaja_seguridad	0.00643614111818295	0.0142763635778545	0.00254630615286353
ctarjeta_master	0.00632318159536037	0.000542073831026178	0.000647221630828188
Visa_mconsumototal	0.00619367522714956	0.00652438970765402	0.0132765595060677
mttarjeta_visa_debitos_automaticos	0.00578845662704975	0.0102907148048268	0.0125101128379817
ctransferencias_recibidas	0.00526696510832423	0.00861582428719129	0.0100659995741963
ccajas_consultas	0.00477947397832836	0.0120433479744763	0.00278475622737918
Master_msaldototal	0.00470845356184134	0.00843960724983471	0.00751969342133277
Master_msaldopesos	0.00464054756394894	0.00686921956320994	0.00780072386629764
mextraccion_autoservicio	0.00459456819518187	0.0058500789604223	0.00786885245901639
mpagomiscuentas	0.00428271112334012	0.0129224206464439	0.00843942942303598
cextraccion_autoservicio	0.00422950413313383	0.00342244960229278	0.00476900149031297
Master_mpagominimo	0.00411705256007268	0.00877504615590005	0.00763040238450075
Master_mpagospesos	0.00405965756162677	0.0124861767199955	0.007945497125825
Visa_mconsumosdolares	0.00380767744571654	0.00721897152047251	0.00725569512454758
ctransferencias_emitidas	0.00351171640083073	0.0119007512574584	0.00721311475409836
internet	0.00340738968729358	0.00888336508164757	0.00274217585692996
ccallcenter_transacciones	0.00339923741645125	0.00842065011513622	0.00317649563551203
tcallcenter	0.00304138705021395	0.00349442059636293	0.00212901852246115
ccaja_ahorro	0.00293405149423163	0.00840465345308547	0.00269959548648073
cdescubierto_preacordado	0.00278983949273254	0.00876515174071389	0.0019672131147541
ctarjeta_visa_debitos_automaticos	0.00276673363295564	0.00592765176858732	0.00576538215882478
ctarjeta_visa	0.00275571993534813	0.000746874846806703	0.000553544815839898
thomebanking	0.00274755005358839	0.00308898378300633	0.00363636363636364
cpagomiscuentas	0.00262079404996723	0.00442412762885578	0.00499041941664892
matm	0.00256993874018411	0.00496321638683543	0.00533957845433255
cmobile_app_trx	0.00251273425361174	0.00275466941845784	0.00469235682350436
Master_mconsumospesos	0.00243176689835199	0.0067091720646791	0.00516074089844582
ctarjeta_debito	0.00223332412201726	0.00391546046538979	0.00446242282307856
ccuenta_debitos_automaticos	0.00212755883275263	0.00421681164353967	0.00415584415584416
Master_fultimo_cierre	0.0020448861952634	0.00483502943765102	0.00398552267404726
mtarjeta_master_consumo	0.00204100360714717	0.00325982613871705	0.00301469022780498
Visa_fultimo_cierre	0.00191909094956348	0.00241611805645914	0.00379816904407068
Master_mconsumototal	0.00167074688086339	0.00413407544756489	0.00337236533957845
catm_trx	0.00156806153952595	0.00473205924518352	0.00336384926548861
ccajas_transacciones	0.00152312776081022	0.00212899635554899	0.000979348520332127
Master_cconsumos	0.00149503716869283	0.00189742370305192	0.00287843304236747
tmobile_app	0.00147262722188523	0.00605992170998574	0.00117521822439855
mplazo_fijo_dolares	0.00141457507340776	0.0118161666616575	0.00277624015328933
ctarjeta_master_transacciones	0.00118351744873526	0.0019207223026475	0.00172024696614861
Visa_mpagosdolares	0.00103330871521195	0.00380425621615792	0.00220566318926975
Visa_mpagado	0.000929853084103062	0.00348608409410227	0.00190760059612519
catm_trx_other	0.000927946869048259	0.00563041627085257	0.00200127741111348
Visa_msaldodolares	0.000826697906645865	0.00383097460817573	0.00185650415158612
matm_other	0.000703092138526132	0.00338651987739467	0.00173727911432829
mttarjeta_master_debitos_automaticos	0.000582556133553834	0.00656458743324464	0.00162657015116032
Master_mconsumosdolares	0.000455687519706201	0.00045334625847721	0.000953800298062593
Master_mpagosdolares	0.000454407365816068	0.00033000996874546	0.000766446668086012
cplazo_fijo	0.000436374998875251	0.00195050698272698	0.000604641260378965
ccajas_otras	0.00033031538065348	0.00565027822843771	0.00105599318714073
cseguro_vivienda	0.000287596130902371	0.00284791065869535	0.000826059186714925
Master_msaldodolares	0.000263082978528828	0.000463539922349906	0.00040877155631254
cseguro_vida	0.000248009513721141	0.00259759081736884	0.00061315733446881
Visa_delinquency	0.000231715621348288	0.000145805889587605	0.000212901852246115
tcuentas	0.000217879292203997	0.00497266496191767	0.000860123483074303
active_quarter	0.000209927952766803	0.000413933386705213	0.000451351926761763
Master_madelantopesos	0.000199380967260739	0.000137661472632489	0.000272514370875027
ctarjeta_master_debitos_automaticos	0.000172112309893528	0.00041886391320597	0.000323610815414094
Master_mpagado	0.000138530454890139	0.000643759410888872	0.000349159037683628
mcheques_depositados	0.000138160789900916	0.00071488051172992	0.000127741111347669
cseguro_accidentes_personales	0.000130053095777112	0.000450948562075536	0.00031509474132425
ccajas_extracciones	0.000116518363497207	0.00358343191597728	0.000681285927187567
Master_madelantodolares	0.0000968099788777891	0.0000837552590694601	0.000161805407707047
Master_cadelantosefectivo	0.0000883179530325294	0.000072143870845135	0.0000936768149882904
Visa_madelantopesos	0.0000879509568164505	0.000075729463215312	0.000195869704066425
cinversion1	0.0000654186782790908	0.00143065944350297	0.000221417926335959
cinversion2	0.0000631658258782372	0.000989139237003824	0.000153289333617202
Master_delinquency	0.0000602967613261981	0.0000613621563440595	0.000127741111347669
ccheques_depositados	0.0000591737561282057	0.000303974996025275	0.0000510964445390675
Visa_madelantodolares	0.0000533255598315689	0.0000475367322295029	0.000136257185437513
mtarjeta_visa_descuentos	0.0000521392941530288	0.00172674815826444	0.000323610815414094
Visa_cadelantosefectivo	0.0000459921168437902	0.0000510333587739537	0.000102192889078135
minversion2	0.0000359828797433074	0.000440431386109291	0.0000851607408984458
ctarjeta_visa_descuentos	0.0000316775468106802	0.000761256307332049	0.000144773259527358
mcaja_ahorro_adicional	0.00000851217095044685	0.000118973257361762	0.0000340642963593783
Visa_Finiciomora	0.00000813524060215073	0.0000821730827369431	0.0000170321481796892
cseguro_auto	0.00000501491057691998	0.000542810832014296	0.0000851607408984458
mforex_sell	0.000000399232995778002	0.0000129627251984238	0.00000851607408984458
cforex	0.0000000791123512460866	0.000009068448372318	0.00000851607408984458
