Feature	Gain	Cover	Frequency
ctrx_quarter	0.107723146620121	0.0193900967893936	0.0225594015965377
mcaja_ahorro	0.0518353873388325	0.0145769992085811	0.0230109304049276
mpasivos_margen	0.0406724117338229	0.0174247145748425	0.0211281404680565
mpayroll	0.0397379933124128	0.0166616901970703	0.00935431380400242
mcuentas_saldo	0.0374981832893882	0.0212585542802111	0.0240673374283305
cpayroll_trx	0.0328128546017056	0.00730757671642806	0.00287104166844154
mprestamos_personales	0.0313616801662024	0.0250522028522451	0.00811899913953944
ctarjeta_visa_transacciones	0.0267266343470866	0.0182185840096823	0.0161357653413302
mtarjeta_visa_consumo	0.0243985453035892	0.00980206260572097	0.0142870530503753
mcuenta_corriente	0.0230467045999142	0.0149777911199223	0.0202932381431091
mrentabilidad_annual	0.0228138600338792	0.0297092320691973	0.0282588878760255
Visa_msaldototal	0.0201528004226511	0.0102329289795551	0.0170047453121938
Visa_msaldopesos	0.0185191457783995	0.0152356195027456	0.0180355941011595
Visa_mpagominimo	0.0178211355819792	0.0150675292556906	0.0204125099038158
cproductos	0.0176493358550282	0.0115484247553657	0.0113989725589756
cliente_edad	0.0174105219904116	0.0298194875387773	0.0306784007360772
cprestamos_personales	0.0173482488309243	0.0103480082631133	0.00453232690685727
mactivos_margen	0.0166998532155703	0.0232054371597137	0.0222867804292079
Master_fechaalta	0.0154907478791375	0.0181788983890901	0.0287018972729364
Master_Fvencimiento	0.0148005289662616	0.0172733167164868	0.0270661702689578
mautoservicio	0.0138108742602004	0.0136451497836687	0.0155990424181498
Visa_Fvencimiento	0.0137500011319233	0.0180970745500112	0.0254645209108955
Visa_mconsumospesos	0.0130443658038741	0.0102973286690043	0.0200376557987374
Visa_fechaalta	0.013023611936194	0.0137443120006762	0.0232750321607783
numero_de_cliente	0.0129811000461709	0.0225390288626245	0.0256263897289975
mrentabilidad	0.0123915680412035	0.0150653187771255	0.0208725581236848
Visa_status	0.0121384291609575	0.00881246822724094	0.00204465875497321
Master_status	0.0119107533626103	0.00509480561566805	0.00171240170729006
ctarjeta_debito_transacciones	0.0119079407094079	0.013324582102949	0.0136480971894462
cliente_antiguedad	0.0111690063166242	0.0165534682597113	0.0217585769175065
chomebanking_transacciones	0.0110568812445594	0.0185407357654018	0.0220482369077944
mcomisiones_otras	0.0110117555931397	0.0122232457705255	0.0197650346314077
Master_mfinanciacion_limite	0.0109606282500411	0.0148769151573118	0.0214263198698234
mcomisiones	0.0108775159903951	0.0135651433591387	0.0197991122773239
mtransferencias_recibidas	0.0102156553193087	0.0146774679244533	0.0180185552782014
Visa_mpagospesos	0.0102114589307176	0.0139757564679417	0.0197735540428867
mcomisiones_mantenimiento	0.0101918897339055	0.0119403089040936	0.0104788761192377
Visa_mfinanciacion_limite	0.0100157399262263	0.0132084921315898	0.0192794281771015
Master_mlimitecompra	0.00800016066040338	0.0105037595418265	0.015786469470689
mcaja_ahorro_dolares	0.00790129588584772	0.0132492961611352	0.0144829995143935
ccomisiones_mantenimiento	0.00754218088526497	0.0105441779364007	0.00535019040884656
ccomisiones_otras	0.00741597623131835	0.0169756021288569	0.0131710101466191
mtransferencias_emitidas	0.00709745345819993	0.0158453026515325	0.0137673689501529
Visa_mlimitecompra	0.00709122211654835	0.0106593017942288	0.0146533877439746
Visa_cconsumos	0.00682730098995863	0.00863493667706958	0.0142614948159381
mcuenta_debitos_automaticos	0.00640445216810244	0.0145985829480312	0.00966953202872746
ccaja_seguridad	0.00626754522518953	0.0141715752876957	0.0025387846207584
mttarjeta_visa_debitos_automaticos	0.00618698442940982	0.0100881176449407	0.0129835830940799
Visa_mconsumototal	0.00605584333531263	0.00673941888991722	0.0130943354433076
ctarjeta_master	0.00563679583583603	0.000458404830518489	0.000664514095366292
ccajas_consultas	0.00486150767507591	0.0115551966675476	0.00268361461590233
ctransferencias_recibidas	0.0047702586672102	0.00833182117374018	0.00922652263181659
mpagomiscuentas	0.00472919187662939	0.0133581927908518	0.00910725087110982
mextraccion_autoservicio	0.00445548420675092	0.00624781635885997	0.0082979067805996
Master_msaldopesos	0.00421923323463949	0.00663927299981774	0.00743744622121504
Master_msaldototal	0.00412486765059338	0.00829107049824515	0.00745448504417315
Visa_mconsumosdolares	0.00402352840598592	0.007178602079605	0.00748856269008937
ctarjeta_visa	0.00399393200956012	0.000454502555801512	0.000460048219868972
ccallcenter_transacciones	0.00396108584955417	0.00831858396632365	0.00333960929978957
cextraccion_autoservicio	0.00377874996598331	0.00359099030332549	0.00492421983489381
Master_mpagospesos	0.00372492068723324	0.011965398139722	0.00712222799649
Master_mpagominimo	0.00361261516701604	0.00849396615870914	0.00707963093909473
ctransferencias_emitidas	0.00344567596215865	0.0118561081083054	0.00725853858015488
Master_fultimo_cierre	0.0030844776847711	0.00483936668385698	0.00414043397882074
internet	0.00285397929986039	0.00875917158319625	0.00267509520442328
cdescubierto_preacordado	0.00283000615438479	0.00944502945772344	0.00212985286976376
ccaja_ahorro	0.00282629384241395	0.00839739127545736	0.00262397873554895
ctarjeta_visa_debitos_automaticos	0.0027953569985673	0.00650925762132994	0.00638103919781222
thomebanking	0.00272194224540695	0.00370464557403482	0.00364630811303555
mtarjeta_master_consumo	0.00260780560539192	0.00377398794218184	0.00310958518985509
cpagomiscuentas	0.00257912666167947	0.00492136713159607	0.00519684100222357
tcallcenter	0.00253210978148006	0.00314867982338556	0.00177203758764345
Master_mconsumospesos	0.00252730361027452	0.00688295918247256	0.00548650099251144
ccuenta_debitos_automaticos	0.00249370695511649	0.00466188308479412	0.00423414750509035
cmobile_app_trx	0.00245441796845877	0.00274633693006314	0.00471123454791743
ctarjeta_debito	0.00218455185408735	0.00348078075875081	0.00419155044769507
matm	0.0021434788261216	0.00493547961558464	0.0048305063086242
Master_mconsumototal	0.00176869115660425	0.00377181528420944	0.0036377887015565
Visa_fultimo_cierre	0.0017050601643443	0.00232465758339669	0.00331405106535241
tmobile_app	0.0015510230420253	0.00631297448626469	0.00125235348742109
ctarjeta_master_transacciones	0.00153027808402094	0.00176172710307993	0.00154201347770896
Master_cconsumos	0.00148145003888007	0.0018987727219046	0.00295623578323209
mplazo_fijo_dolares	0.00147041246028058	0.0106863951835821	0.00255582344371651
catm_trx	0.00143409426949964	0.00411272807997098	0.00326293459647808
ccajas_transacciones	0.00131947429988586	0.00210751335234748	0.000920096439737943
Visa_mpagosdolares	0.00111861403919541	0.0034615817427389	0.00226616345342864
Visa_mpagado	0.000971452385299051	0.0036360738004624	0.00193390640574549
matm_other	0.00095920154983588	0.00360130249312361	0.00224912463047053
catm_trx_other	0.000810148592082016	0.00637428470605432	0.00212985286976376
Visa_msaldodolares	0.00072532979959392	0.00377459847460554	0.00165276582693668
mttarjeta_master_debitos_automaticos	0.000570873278058886	0.00608332075652299	0.00162720759249951
Master_mconsumosdolares	0.000439338812257084	0.000458833351340213	0.000843421736426448
cseguro_vivienda	0.000393916379196438	0.00281472432824654	0.000971212908612273
Master_mpagosdolares	0.000378305291760164	0.000290384821706858	0.000724149975719677
cplazo_fijo	0.000377088276701972	0.00172856013177267	0.000528203511701412
ccajas_otras	0.000342007943604344	0.00427357399512026	0.000886018793821723
cseguro_vida	0.000300537467663727	0.00269554184807308	0.000681552918324402
active_quarter	0.00026118116980747	0.000643526500871013	0.000562281157617632
tcuentas	0.000249243876509062	0.00430354310024807	0.000766747033114952
cseguro_accidentes_personales	0.000208719277928469	0.000591550200729351	0.000417451162473696
Master_madelantopesos	0.000200343555156948	0.000100156020615362	0.000255582344371651
Master_mpagado	0.000164738849644243	0.000335972143166866	0.000272621167329761
Visa_delinquency	0.000131604225044672	0.000391655874436746	0.000289659990287871
Master_msaldodolares	0.000126921641523858	0.000220273885088405	0.000230024109934486
ccajas_extracciones	0.000121558457101859	0.00336332012859309	0.000673033506845347
ctarjeta_master_debitos_automaticos	0.000116411775408583	0.000206122229771768	0.000221504698455431
mcheques_depositados	0.000104534553221182	0.00049278847678294	0.0000937135262696053
ccheques_depositados	0.0000957841388534448	0.000549694623635673	0.0000851941147905503
Master_madelantodolares	0.0000868665705881004	0.0000959052561521134	0.000178907641060156
Visa_madelantopesos	0.0000823894988971503	0.0000924821548362608	0.000221504698455431
cinversion1	0.0000797800703402996	0.00164928445512144	0.000255582344371651
Master_cadelantosefectivo	0.0000571822334866619	0.0000351934121671259	0.0000851941147905503
Master_delinquency	0.0000571404596278532	0.0000815094554027683	0.00015334940662299
minversion2	0.0000505127251627251	0.000717594416992195	0.00011927176070677
cinversion2	0.0000477375141695251	0.000770088724179187	0.00011927176070677
ctarjeta_visa_descuentos	0.0000455250821284052	0.000936080266027779	0.000178907641060156
mtarjeta_visa_descuentos	0.0000449047425341863	0.00105247550359878	0.000212985286976376
Visa_cadelantosefectivo	0.0000365933708082982	0.0000371979035759156	0.0000937135262696053
Visa_madelantodolares	0.0000138217222969024	0.0000781981274454584	0.000178907641060156
Visa_Finiciomora	0.0000126576531805586	0.000285036584689942	0.0000511164688743302
cseguro_auto	0.00000345290244004923	0.000325586338286688	0.0000511164688743302
cforex	0.000000653887048697045	0.0000144863000245398	0.00000851941147905503
mforex_sell	0.000000562591545127077	0.0000215064098455183	0.0000170388229581101
cforex_sell	0.000000164432181529539	0.0000123149927875927	0.00000851941147905503
