Feature	Gain	Cover	Frequency
ctrx_quarter	0.0953905133554823	0.0196035427648582	0.0226645308612522
mcaja_ahorro	0.0554982136073863	0.0152797449436533	0.0228519818683753
mpasivos_margen	0.0507307388793373	0.018441781801044	0.0226474898606046
mcuentas_saldo	0.049555215009499	0.022328260484007	0.0275552980471013
cpayroll_trx	0.0315654266765937	0.0076092876711723	0.00276916260522818
mpayroll	0.0314445534560022	0.0151027212552411	0.00817115981050407
mtarjeta_visa_consumo	0.0280999020357202	0.0103412387754012	0.0147489860604615
mprestamos_personales	0.0278698599170272	0.0258453777693885	0.00812855730888518
ctarjeta_visa_transacciones	0.025595738281034	0.0169619887049773	0.0163508401213319
mrentabilidad_annual	0.0229088075826192	0.0286143112946084	0.0282113765720323
Visa_mpagominimo	0.0227323060926433	0.0149633130610329	0.0208411437919635
Visa_msaldopesos	0.0215762505362413	0.015205732806981	0.0191796462288266
cprestamos_personales	0.0212619514909353	0.0117535754545259	0.0048311236835827
cliente_edad	0.0177166157287011	0.0286209264705208	0.0308101291707849
mcuenta_corriente	0.0170763433285429	0.0153438887053508	0.0209689512968201
Master_fechaalta	0.0156937254717627	0.0184071208737141	0.0282880610749463
Visa_fechaalta	0.0146435908851127	0.0148465137557595	0.0257063494768413
mautoservicio	0.0144159419184825	0.0132976082529478	0.0152346545789169
Master_Fvencimiento	0.0137915693762423	0.0162161102231542	0.0251865989570908
mactivos_margen	0.0136257135049163	0.0216470706662789	0.0212416073071811
Visa_Fvencimiento	0.0134732243095326	0.0174447941873663	0.0249991479499676
mrentabilidad	0.0132299976077871	0.0156807366923665	0.0212927303091237
numero_de_cliente	0.0128440763182167	0.0213043023974805	0.0248628199447872
Visa_status	0.0127657372964951	0.00900983716216818	0.00216420708223987
mcomisiones_otras	0.0126762274020505	0.0119637088044223	0.0193841382365973
Master_status	0.0124713724656195	0.00473528122134876	0.001542210558604
cproductos	0.0120171002579037	0.0100595326814005	0.0103098053917726
Visa_mpagospesos	0.0116885035436849	0.0135976944149215	0.0198272042534338
Visa_msaldototal	0.0113753150056603	0.0105443160953066	0.0165468116287788
mtransferencias_recibidas	0.0110338978184667	0.0144177299578611	0.0179612146825262
ctarjeta_master	0.0109345699087058	0.000452480126893546	0.000587914522340752
cliente_antiguedad	0.0109129368551198	0.0171272849992621	0.0219999318359974
Master_mfinanciacion_limite	0.0107989132005265	0.0147731012481979	0.0216079888211036
chomebanking_transacciones	0.0103292139005854	0.0173148222973541	0.0203639957738318
ctarjeta_debito_transacciones	0.0102423606982407	0.0125115900917293	0.0126103404791929
mcomisiones	0.010168340709309	0.013132011975198	0.0194778637401588
mcomisiones_mantenimiento	0.00960963006657974	0.0120944890958215	0.0107869534099042
Visa_mfinanciacion_limite	0.00918566745764538	0.0122695436360162	0.0182594321938584
ccomisiones_mantenimiento	0.00897984439789213	0.0104019154984719	0.00526566920009543
Visa_mconsumospesos	0.00863256986473686	0.00985912210639619	0.018583211206162
Master_mlimitecompra	0.0084309748705661	0.0105199042652093	0.017041000647558
ccomisiones_otras	0.00756883015294634	0.0175251637438883	0.013496472512866
Visa_mlimitecompra	0.0073698132318324	0.0110354589559777	0.0148341910636993
Visa_cconsumos	0.00727913502219716	0.00940699533840391	0.0143400020449201
mcaja_ahorro_dolares	0.0071754704948474	0.0130019850206534	0.0139651000306738
Visa_mconsumototal	0.00705892309943853	0.00648361424524251	0.0125762584778978
mcuenta_debitos_automaticos	0.00680932728340341	0.0163929339225898	0.010565420401486
mtransferencias_emitidas	0.00659019529114485	0.0151941658769819	0.0129341194914965
mttarjeta_visa_debitos_automaticos	0.00617934412908662	0.00994530113999747	0.0129255989911728
ccaja_seguridad	0.00617281883369067	0.0145582711977239	0.00253910909648615
cextraccion_autoservicio	0.00548840899566906	0.00420884841396521	0.00514638219556252
Master_msaldopesos	0.00517504002006549	0.00823705239314757	0.00863126682798814
mpagomiscuentas	0.00507454798687556	0.0139187976616782	0.00928734535291912
ccajas_consultas	0.00502417764827908	0.0113191494000607	0.00272656010360928
mextraccion_autoservicio	0.00500564967166052	0.00610918251902909	0.00771957329334379
ctransferencias_recibidas	0.00471345908692096	0.00779481258018699	0.00917657884871
ctarjeta_visa	0.004369639782057	0.000683509960112317	0.000536791520398078
Master_msaldototal	0.00420187026624621	0.00834266312594516	0.00711461777035547
Visa_mconsumosdolares	0.00395871306537146	0.00728877121639601	0.00747247878395419
Master_mpagospesos	0.00391601404626087	0.0118168888565874	0.00792406530111448
ccallcenter_transacciones	0.00384303084399821	0.00846782311902669	0.00338263862854027
Master_mpagominimo	0.00357214459764527	0.00801686520552615	0.00695272826420367
ctransferencias_emitidas	0.00355667248437732	0.0127932401077399	0.00751508128557309
internet	0.00293870809466574	0.00828711213385804	0.00270951910296173
tcallcenter	0.00285032656268718	0.00324474310943851	0.00198527657544051
ccaja_ahorro	0.00280020867176827	0.00859160413406335	0.00253058859616237
ctarjeta_visa_debitos_automaticos	0.00278711801997941	0.0065722843577519	0.00604103472955932
cpagomiscuentas	0.00269294583306297	0.00474460469392607	0.00533383320268566
cdescubierto_preacordado	0.00263038257942956	0.0102961676110721	0.0022323710848301
Master_mconsumospesos	0.00262098876037589	0.00634056030604164	0.00541051770559967
thomebanking	0.00255736438223946	0.00349681232350857	0.00351044613339695
cmobile_app_trx	0.00247777445197622	0.00260976425807854	0.00459254967451689
mtarjeta_master_consumo	0.00244994217040206	0.0033461294129242	0.00309294161753178
ctarjeta_debito	0.00225847824407477	0.00366573071544092	0.00437101666609863
matm	0.00205813017792673	0.00512727650648702	0.00517194369653386
catm_trx	0.00203783242851426	0.00391264244352099	0.00330595412562626
ccuenta_debitos_automaticos	0.00203567962502053	0.00371141130563798	0.0036552946389012
Master_fultimo_cierre	0.00185098084597252	0.00467324004645953	0.00372345864149143
Visa_fultimo_cierre	0.00172967879083821	0.00231894616633048	0.00327187212433114
Master_cconsumos	0.00166469595155883	0.00197762173686673	0.0031270236188269
tmobile_app	0.00155368542289152	0.00622073008675091	0.00124399304727174
Master_mconsumototal	0.00150702855089607	0.00460432188576444	0.00341672062983538
ccajas_transacciones	0.00137617933280478	0.0023816210900713	0.00109062404144371
mplazo_fijo_dolares	0.00132063831361947	0.0111038714013046	0.0025987525987526
ctarjeta_master_transacciones	0.00114090690960844	0.00210323981280687	0.00175522306669848
Visa_mpagosdolares	0.00092515078993356	0.00349429219214777	0.00193415357349784
matm_other	0.000837459817847994	0.004054368753198	0.00218976858321121
catm_trx_other	0.000804347048772954	0.00648097925534784	0.00211308408029719
Visa_mpagado	0.000781035795022703	0.00343336311812178	0.00172114106540336
Visa_msaldodolares	0.000768196995570667	0.00391380927109742	0.00183190756961249
Master_mconsumosdolares	0.000536226926493051	0.000414567689597501	0.00102246003885348
mttarjeta_master_debitos_automaticos	0.000514728533342022	0.00512350711966078	0.0013803210524522
cplazo_fijo	0.000493821924461784	0.00202437591653626	0.000664599025254763
ccajas_otras	0.000379204103843384	0.0049662928123298	0.000962816536587028
cseguro_vida	0.000344423557645001	0.00241501992480546	0.000681640025902321
Master_mpagosdolares	0.000336696771754421	0.000284319801284737	0.000639037524283426
active_quarter	0.000323122985339753	0.000843150485061693	0.000732763027844995
cseguro_vivienda	0.000285839151906842	0.00314088667183617	0.000852050032377901
tcuentas	0.000233740629654037	0.00430955130917438	0.00077536552946389
Master_madelantopesos	0.000195705111645089	0.000106589732889233	0.000298217511332265
cseguro_accidentes_personales	0.000176422861278471	0.000515794880231863	0.000391943014893835
Master_mpagado	0.000158606855345358	0.000607796228042707	0.000408984015541393
Visa_madelantopesos	0.000137227515675221	0.000166517510755248	0.000323779012303603
ccajas_extracciones	0.000122622097216044	0.00425121094381029	0.00077536552946389
Master_cadelantosefectivo	0.000117664286281289	0.0000528737747902953	0.000110766504209127
Master_madelantodolares	0.000112212323171252	0.0000376320473457146	0.000102246003885348
ctarjeta_master_debitos_automaticos	0.000102968830807725	0.00014197190424796	0.000195971507446917
mcheques_depositados	0.00010065051747499	0.000547265105054657	0.0000937255035615691
Master_delinquency	0.000093925686302156	0.000104331073602597	0.000178930506799359
ccheques_depositados	0.0000898677583322602	0.000488622053671903	0.0000766845029140111
Visa_madelantodolares	0.0000884267365791189	0.0000581386872913767	0.000153369005828022
Visa_delinquency	0.0000835783044497304	0.000279322779422947	0.000238574009065812
Master_msaldodolares	0.0000831249861636436	0.000200961558147629	0.000213012508094475
cinversion1	0.000071187871348563	0.00154253355673566	0.000238574009065812
minversion2	0.0000591451426825342	0.000724062116772074	0.000144848505504243
Visa_cadelantosefectivo	0.0000591443383309477	0.000025657707370525	0.0000766845029140111
mtarjeta_visa_descuentos	0.0000586362388067976	0.00186813554200866	0.000340820012951161
cinversion2	0.0000410819660992567	0.000717086149935543	0.000110766504209127
ctarjeta_visa_descuentos	0.0000187425902364035	0.000498843449728703	0.0000937255035615691
Visa_Finiciomora	0.0000160311667060621	0.000267076157158642	0.0000596435022664531
cseguro_auto	0.00000971104645662359	0.000290376899850306	0.0000511230019426741
mcaja_ahorro_adicional	0.00000272836883990039	0.0000768565744816184	0.000017041000647558
cforex_sell	0.000000241124249119346	0.0000156150176796589	0.00000852050032377901
