num_iterations	learning_rate	feature_fraction	num_leaves	min_data_in_leaf	min_sum_hessian_in_leaf	y	dob	eol	error.message	exec.time	ei	error.model	train.time	prop.type	propose.time	se	mean	iter
1880	0.0104402868521066	0.316850167668283	662	179	-4.99754655559822	0.929333579590124	272			20.0920000000001	-0.00101052918538713		1.52400000000034	infill_ei	1.39699999999993	0.00338200846086334	0.928261427024157	296
1953	0.0100353872582551	0.543333273236648	687	208	0.493935284685342	0.929003523022852	185			20.5809999999999	-0.00230687015134562		0.900000000000091	infill_ei	1.10300000000007	0.00464985287256845	0.929292127238254	209
1971	0.0101967280898495	0.275559787190273	993	232	-4.87912117551364	0.928721124403201	297			18.1489999999999	-0.000692049315715672		1.88000000000011	infill_ei	1.41499999999996	0.00220085631421726	0.928932581738	321
395	0.0750465551075662	0.218412412909583	9	223	-4.97250968468772	0.928693543162653	247			2.10700000000043	-0.00140254352557907		0.700000000000273	infill_ei	1.27599999999984	0.00787930712336491	0.924538652922952	271
1921	0.0101216408150992	0.299368784876284	2019	214	-1.55877106898056	0.928577056602771	274			18.8090000000002	-0.000751019851436614		1.71100000000024	infill_ei	1.40099999999984	0.00265184873542145	0.928649798355928	298
2043	0.0102083003311193	0.422899013378025	2019	266	0.917483283002468	0.928499056096425	203			18.3989999999999	-0.00231215162576725		1.20899999999983	infill_ei	1.15999999999985	0.00615874969619182	0.928708206792572	227
2044	0.0489812849998703	0.623933995823802	1606	196	0.965586243467383	0.928449223785961	116			15.4859999999999	-0.00530721667784151		0.376999999999953	infill_ei	0.884999999999991	0.0127353781159228	0.928506380648006	140
1143	0.0103145274356725	0.159760312437271	8	183	-4.97935146050948	0.928393746763565	275			6.15200000000004	-0.00132809126112785		1.49800000000005	infill_ei	1.38500000000022	0.00543277044817663	0.927376893055886	299
1753	0.0191140078527913	0.622487597888362	2041	218	-2.76432684710571	0.928306940123474	140			18.1600000000001	-0.00347939232953653		0.572999999999865	infill_ei	0.961999999999989	0.00638989217570009	0.93013351691999	164
2015	0.0100798347534014	0.647483267180121	652	200	-4.67820039928453	0.928256845646134	258			20.7559999999999	-0.000872724586707381		0.993999999999687	infill_ei	1.33599999999979	0.0032105916522806	0.928082631084243	282
1957	0.0103985095534332	0.73779371034806	15	214	-4.97893027447854	0.928188395994724	207			10.8589999999999	-0.00167045539961061		1.15599999999995	infill_ei	1.18899999999985	0.00641064560779132	0.926975689851136	231
1971	0.0101870291401813	0.654867009945562	10	238	0.360469131249024	0.928163232642317	213			9.98800000000028	-0.0014860971994747		1.14899999999989	infill_ei	1.18499999999995	0.0033846690629123	0.929266966094529	237
1677	0.0130401973793456	0.249639262898353	149	211	-4.98615120982731	0.928074524406015	292			14.6000000000004	-0.000768743134350021		2.42200000000003	infill_ei	1.44200000000001	0.00172109813151659	0.929492013943122	316
1930	0.0100969131125278	0.461435754307285	236	149	-2.86197711274184	0.928059562260391	84			22.486	-0.00661646438511778		0.289999999999964	infill_ei	0.795999999999935	0.0209234814683412	0.923508264265397	108
2037	0.0122417463548363	0.525934427987906	1577	284	-4.99174874363992	0.927986311997488	106			19.729	-0.00479039946333069		0.47400000000016	infill_ei	0.886999999999944	0.0114284162539396	0.928514577946997	130
1072	0.0447280346070414	0.542610105422925	1944	199	0.129950246043648	0.927870904904018	277			11.7759999999998	-0.00071751294623057		1.10600000000022	infill_ei	1.375	0.00232161095990599	0.928881167466729	301
2046	0.010057225329064	0.565952893996731	1332	108	0.994369736945412	0.927786407407872	264			21.8919999999998	-0.00135991345193326		1.32799999999997	infill_ei	1.37099999999964	0.00297811533130801	0.929332660566015	288
1056	0.090996369742682	0.750606234443381	2045	216	-4.99765190588916	0.927760943853017	214			11.0590000000002	-0.00161609196735561		1.09299999999985	infill_ei	1.18599999999969	0.00593752842029342	0.927305921612325	238
957	0.0109047151369195	0.403635054207702	1576	202	-1.63929396512246	0.927737851405078	255			9.84899999999971	-0.00159956963706737		0.91800000000012	infill_ei	1.31800000000021	0.00415122273346751	0.928889210035254	279
1808	0.0178015422029742	0.463881620325068	374	272	0.99045949687927	0.927737144450081	240			15.3420000000001	-0.00156694153534793		0.365999999999985	infill_ei	1.26800000000003	0.00392808082108468	0.929003251045306	264
604	0.0115197183645999	0.310757735484935	11	294	-4.69954625795492	0.927708800167623	279			4.0619999999999	-0.000813538130825281		1.09899999999971	infill_ei	1.37899999999991	0.00447824606926255	0.926852945342513	303
1798	0.0108308353184856	0.69711414315604	2034	207	-4.99601174398109	0.927620772139579	280			24.5700000000002	-0.000760860995276878		2.01699999999983	infill_ei	1.4050000000002	0.00284847325738176	0.928481650289753	304
2048	0.0230895532277947	0.331961455359645	157	161	0.11051448289382	0.927564053511382	156			19.616	-0.00283293898227235		0.852999999999838	infill_ei	1.01100000000019	0.00604535095434288	0.92924941621206	180
1527	0.0438335104248822	0.211495206064297	8	179	-4.4530151090778	0.927542985200812	249			8.27299999999968	-0.00198707040832946		0.431999999999789	infill_ei	1.28499999999985	0.0064788293963659	0.927704791310347	273
1467	0.0100748799733182	0.215020100403022	1625	311	-3.03500565353803	0.927475242127586	243			11.248	-0.00154206870744481		0.961999999999989	infill_ei	1.27500000000009	0.00419141854000286	0.928736613864525	267
1106	0.0705948889741114	0.285538245114552	2048	235	-2.53901254956223	0.927355147445289	263			17.9490000000001	-0.00105918893269916		0.636999999999716	infill_ei	1.36500000000024	0.0038902399380771	0.927892122828913	287
2017	0.0114077588307248	0.17034371091747	1376	189	-2.49644708064022	0.927320856196316	135			17.7430000000002	-0.00373473733558921		0.526000000000067	infill_ei	0.947000000000116	0.00818835909433216	0.929346175445501	159
2028	0.0184222541557338	0.670612955460364	602	161	0.990372395900169	0.92727120291938	298			17.6779999999999	-0.0006168690763169		1.3130000000001	infill_ei	1.46199999999999	0.00205113724455048	0.928893165547282	322
387	0.0420860860693426	0.607367569951924	657	211	0.230612967450233	0.927233800231316	29			4.12900000000002	-0.0183097842360117		0.0679999999999836	infill_ei	0.586999999999989	0.0470921656294327	0.924237696189343	53
1938	0.0102552132948238	0.266348021960048	559	339	-3.10509838807545	0.927200190264475	198			14.7090000000003	-0.00145167653201664		0.673999999999978	infill_ei	1.154	0.00414357562500553	0.928583837210747	222
392	0.0962208948659447	0.482518426849525	1327	200	0.993350026090795	0.92719246845313	259			3.91100000000006	-0.000985348897699186		2.47600000000011	infill_ei	1.31500000000005	0.00362758221117457	0.927961153028002	283
763	0.069928292974416	0.534662985779521	13	207	-4.99450550348606	0.9271501186923	252			5.05500000000029	-0.0012623192215954		1.45100000000002	infill_ei	1.31600000000026	0.00400475823537383	0.928280957116224	276
742	0.0123774211058836	0.774854443002975	1654	579	-3.39942288564472	0.927081619323831	39			5.15599999999995	-0.0148077910258879		0.110000000000014	infill_ei	0.622999999999991	0.031401743049335	0.931557309628968	63
905	0.0102818199803924	0.322757005618436	1820	206	-0.143608033552577	0.927073278593653	64			9.06100000000004	-0.0104141406417369		0.155999999999949	infill_ei	0.708000000000084	0.0231555840666894	0.929498318922455	88
1453	0.0435190159430721	0.448220589735268	1617	54	0.994831236886438	0.927033745847545	230			13.4769999999999	-0.00110324076750303		1.75	infill_ei	1.22599999999966	0.00427020627907948	0.927627492011625	254
370	0.0721949925025847	0.680329140686265	138	285	0.993425619681758	0.927026499377233	144			2.89599999999996	-0.00512771577919264		0.199000000000069	infill_ei	0.97199999999998	0.0105919389327576	0.930145382168286	168
568	0.0660149921400885	0.531823956049721	2033	131	0.977640041341443	0.92693953819465	171			6.11899999999992	-0.00266594644024042		0.778999999999996	infill_ei	1.06400000000008	0.00789606154407036	0.927428393255635	195
1243	0.0101504820629318	0.612498381500077	2011	423	-4.26684243092513	0.926938925447486	170			9.577	-0.0023749416668787		0.814000000000078	infill_ei	1.05799999999999	0.00510649089184456	0.929092437549192	194
2027	0.0113818738314629	0.363154386034656	1654	425	0.816017036234164	0.926915580492113	281			16.3150000000001	-0.000582907431723339		3.1239999999998	infill_ei	1.44599999999991	0.00275375104151534	0.928077547521578	305
1966	0.0268364997964619	0.272623594612662	2002	467	-3.46451679724284	0.926883640762786	60			13.9680000000001	-0.0114689725770416		0.0679999999999836	infill_ei	0.687999999999988	0.0398642901839612	0.917402184655959	84
1180	0.0228105607289598	0.645651208622177	73	104	0.993376278657853	0.926881143777073	141			10.6949999999999	-0.00372354754353644		0.301999999999907	infill_ei	0.980999999999995	0.0105008195688258	0.927482388783662	165
832	0.0130056745794474	0.625710447460579	1780	223	0.983056094274136	0.926677247198832	200			7.95499999999993	-0.00182049881691312		0.66800000000012	infill_ei	1.15300000000025	0.00432630870663659	0.929189438905688	224
710	0.0564308805025392	0.76331986116953	2047	328	-2.0477890856975	0.926633093459579	33			6.55900000000003	-0.013451374234521		0.144000000000005	infill_ei	0.605000000000018	0.0363116044016212	0.925114760567242	57
852	0.052298817237202	0.434945874413363	18	428	0.111847028655036	0.926609018696385	79			5.91899999999998	-0.0072646637905998		0.194000000000074	infill_ei	0.748000000000047	0.0121333637786842	0.931491971708006	103
1980	0.0332716016323815	0.53105928915445	21	3	0.723190647017016	0.926592450489368	283			15.5740000000001	-0.000756158664317592		1.75399999999991	infill_ei	1.38100000000031	0.00377079061563959	0.927481430116973	307
385	0.111301371635425	0.18576394635219	13	202	-4.99953644528991	0.926513205386644	262			2.76600000000008	-0.000966485546768141		1.72600000000011	infill_ei	1.4369999999999	0.00332934098112114	0.928203793875905	286
1727	0.104595999846453	0.515697941886554	182	180	0.466669491840445	0.926391354888118	119			13.5330000000001	-0.00646968957294648		0.310999999999922	infill_ei	0.902000000000044	0.0101061522466125	0.932641164619495	143
2048	0.0450976403611866	0.859369481320333	35	253	0.998474429689904	0.926305773731299	66			14.7099999999999	-0.0100993267164857		0.127000000000066	infill_ei	0.703999999999951	0.0336554941111863	0.919953396079396	90
1352	0.0540892364696252	0.616816946358563	403	179	0.411672842156713	0.926253965818846	254			12.3249999999998	-0.000851810119323811		1.74400000000014	infill_ei	1.31400000000031	0.00273816063226808	0.928483058655329	278
287	0.112550992096884	0.413318571851941	8	380	-0.385142636125786	0.926142407047877	245			2.25	-0.00115739588949448		0.481000000000222	infill_ei	1.26600000000008	0.0052686712425851	0.926728644509974	269
928	0.156100642755162	0.513731916255478	2018	214	-4.73039149135581	0.926108728770218	287			10.7019999999998	-0.000606468920586964		1.95100000000002	infill_ei	1.41199999999981	0.00430957772425297	0.926278296392889	311
1721	0.0311140289573608	0.727879144340019	1466	234	-0.0984903089342334	0.926068547835303	158			16.8980000000001	-0.00233701960671692		0.557999999999993	infill_ei	1.00800000000004	0.00493233112964685	0.9291483629041	182
2004	0.0760910543177834	0.653862656020248	14	406	-4.99923646668773	0.92606443577995	173			11.374	-0.00592627629005525		0.974999999999909	infill_ei	1.06099999999992	0.011690024496727	0.930788377664708	197
432	0.167552834911037	0.789112022310559	22	248	0.439420457104333	0.925987646844472	138			2.92099999999982	-0.00341961770529902		0.506000000000086	infill_ei	0.966000000000122	0.0100471854598056	0.927211181253556	162
2042	0.010541770586196	0.679483445698704	438	563	-0.390462172905833	0.925770671471915	103			12.533	-0.00576839672705171		0.456999999999994	infill_ei	0.831999999999994	0.0144084993044174	0.92809999131894	127
250	0.0442186289273186	0.669762097114129	1527	657	0.993056586422055	0.925737350086963	55			1.89199999999994	-0.0104355414084417		0.187000000000012	infill_ei	0.682000000000016	0.0232677551522668	0.929455346015848	79
416	0.0201852084442843	0.450457680326214	2040	549	-2.29177451274936	0.925627598272391	180			4.06399999999985	-0.00227434659252131		0.627999999999929	infill_ei	1.12100000000009	0.0078639300192398	0.926539247059663	204
401	0.120199772173199	0.193370672301922	10	141	0.999759074885592	0.925601758379188	72			2.17999999999995	-0.00858207222788832		0.236999999999966	infill_ei	0.749000000000024	0.0274928792193858	0.922077058503537	96
833	0.0313663625057712	0.16717520680399	2047	337	-4.99665215972909	0.925594685193767	93			6.298	-0.00529450957051876		0.695999999999913	infill_ei	0.804000000000087	0.013493124433857	0.927881690319767	117
2044	0.0421813061183685	0.515167913305653	1756	127	-3.20578283356359	0.925570374945612	184			28.2700000000002	-0.00232904284057114		1.02099999999996	infill_ei	1.0920000000001	0.00441283696827656	0.929489071463376	208
983	0.0111808734000253	0.18334977356691	154	397	0.945553400447591	0.925413099079357	61			5.971	-0.00939774953905511		0.228000000000066	infill_ei	0.701999999999998	0.0289440837499724	0.922645725331492	85
1333	0.0230213451243324	0.561580534763914	279	510	-4.99691670086036	0.925334511946999	124			9.87699999999995	-0.00396374986468365		0.616999999999962	infill_ei	0.921000000000049	0.0107336101589512	0.927796722151865	148
512	0.0817712908841272	0.21395573474788	569	359	-4.55019498401642	0.925322009896083	294			8.90700000000015	-0.000499979512641364		2.18000000000029	infill_ei	1.46199999999999	0.00332841462666616	0.92710269091055	318
2032	0.0101723984419555	0.732121032409508	1702	16	-1.70936962376027	0.925305747196783	94			69.875	-0.00829766651753916		0.283000000000015	infill_ei	0.80600000000004	0.0192644905955165	0.929254495917062	118
1392	0.196044169911876	0.889054058278007	336	365	0.998632980366551	0.925286404253293	51			8.255	-0.0142265486949595		0.110000000000014	infill_ei	0.669999999999959	0.029403786765701	0.931927762080967	75
2047	0.187923496012723	0.509361200296884	63	218	0.961916173886553	0.925275854370114	148			13.8570000000002	-0.00281761167494142		0.66599999999994	infill_ei	1.00600000000009	0.00789219980355541	0.92776363830538	172
507	0.0108254598423128	0.233335701552534	1348	377	0.872466522484795	0.925275176966204	139			3.85500000000002	-0.00460237722526562		0.413999999999987	infill_ei	0.968000000000075	0.0100810121353553	0.929561578181732	163
393	0.0946319274798867	0.653761324698007	2015	429	0.358515288577927	0.925257284530202	227			2.91100000000006	-0.0013385324377147		1.03899999999976	infill_ei	1.21900000000005	0.00540421684879092	0.927105374637977	251
309	0.180903220707985	0.587123917205919	234	446	-4.9981415348637	0.925213381945677	233			2.34799999999996	-0.00148215165090901		0.708000000000084	infill_ei	1.24499999999989	0.00822699290889317	0.924403425892208	257
616	0.0871995974014128	0.717894745757293	167	487	-2.63143748719634	0.925200085601628	8			3.75899999999999	-0.0270078823565847		0.135000000000019	infill_ei	0.530000000000001	0.0791269891442241	0.914431571221187	32
1875	0.0445411335201949	0.966757377674442	1845	393	-4.992329648671	0.925172651550372	73			14.337	-0.0113784684793213		0.101999999999975	infill_ei	0.725000000000023	0.0301937626100804	0.925875216890275	97
1364	0.0236346993561723	0.883787798072554	2027	477	0.850119992264918	0.925021580567888	76			9.66300000000001	-0.00702534910608325		0.312999999999988	infill_ei	0.750999999999976	0.0169203742533571	0.927777035788618	100
1255	0.0816111655106947	0.455441496071915	1060	295	-0.645214525831876	0.924954131728885	37			11.201	-0.0131856676195296		0.12299999999999	infill_ei	0.617999999999995	0.0237256245728371	0.933926587737925	61
581	0.121157333493858	0.771662184160024	550	475	0.998608046192362	0.924903890845299	80			4.11000000000001	-0.00771373837522575		0.226999999999975	infill_ei	0.76400000000001	0.0158277941565268	0.929859190580853	104
1981	0.0770170320081213	0.531409063316853	13	949	0.983822286252292	0.924864868443219	193			12.7139999999999	-0.00180825691837285		1.10300000000007	infill_ei	1.11100000000033	0.00901170907903747	0.924580759880039	217
1995	0.0577504980312322	0.120609642502292	329	396	-4.87990989823378	0.924853573240802	74			12.2380000000001	-0.00786866688358876		0.148000000000025	infill_ei	0.740999999999985	0.0247686817912212	0.922907943306977	98
1703	0.214737382174661	0.424082759421063	938	452	0.608663142935149	0.924816368316314	22			11.85	-0.0180769808318857		0.0660000000000025	infill_ei	0.554000000000002	0.0571889953583043	0.914999963110253	46
335	0.0687421047219296	0.221539333565285	447	860	0.961335598348051	0.924740686307112	167			2.61699999999996	-0.00225576451515777		0.892000000000053	infill_ei	1.09299999999985	0.00999965891934539	0.924307402244517	191
804	0.0108278076301589	0.732467439779481	2045	818	-0.569552279940426	0.924712985981013	147			4.70500000000016	-0.0032243000006793		0.467000000000098	infill_ei	0.987999999999829	0.0091934328935504	0.927525532504655	171
929	0.120468769226922	0.634815723506818	2023	673	-4.99807051207478	0.924643129771454	53			5.70900000000006	-0.0120843636047463		0.175000000000011	infill_ei	0.687999999999988	0.0286601952782255	0.928512252904037	77
1242	0.061325051987303	0.345453522499479	1406	50	-4.680970810824	0.924628267505896	30			22.567	-0.0139504787867352		0.199000000000012	infill_ei	0.599999999999966	0.0530701844489501	0.910769285315537	54
2039	0.165754943555047	0.999231374239049	45	706	-3.80206128100609	0.924570443870256	146			12.0339999999999	-0.0032288491335675		0.895999999999958	infill_ei	0.985000000000127	0.0142417930386044	0.922597760162456	170
1306	0.163159440853454	0.305699260174874	15	238	-4.99705610889984	0.924482630203876	115			8.19700000000012	-0.00427484031637425		0.519999999999982	infill_ei	0.885999999999967	0.0162282272668051	0.923048561004757	139
1931	0.179628182808146	0.505723799167931	1292	227	-4.99994474971319	0.924449990818397	244			18.7420000000002	-0.00178256402058988		1.03600000000006	infill_ei	1.29700000000003	0.00760093967282278	0.926052584718915	268
1987	0.0477738932331895	0.133403453271465	620	1	0.883380886525778	0.924444213494778	81			14.427	-0.00791659689320261		0.0850000000000364	infill_ei	0.749000000000024	0.0249198190170174	0.922881351661537	105
2006	0.0301984590039625	0.136057678775074	1370	684	0.399528485320704	0.924361612917094	128			13.048	-0.00715504757166222		0.403999999999996	infill_ei	1.01900000000001	0.0181381723068824	0.928286569388605	152
600	0.0603278271688912	0.548956837971162	1296	812	-3.19870161350128	0.924358557538083	58			4.26099999999997	-0.012959551149933		0.0729999999999791	infill_ei	0.684999999999945	0.0181205693167013	0.936746888723923	82
554	0.0762120417234452	0.835258480245798	2038	509	-4.99595024033178	0.924300923170823	256			3.97299999999996	-0.00131207938798542		1.67099999999982	infill_ei	1.32099999999991	0.00419312392049825	0.928224475344054	280
1428	0.0386091448058253	0.684258261935301	920	858	-2.27025060943118	0.924286291509268	25			8.39100000000002	-0.0171628625600756		0.0330000000000155	infill_ei	0.567000000000007	0.0457032781238563	0.923018328176318	49
1957	0.235941293202157	0.826461402615913	9	213	-2.81549822272999	0.924244601388493	46			9.45699999999999	-0.012427708021457		0.111999999999966	infill_ei	0.645000000000039	0.0421786483197385	0.917552968379922	70
414	0.0927242199613214	0.990621983995674	155	955	0.986736173219702	0.924234026679278	300			3.75900000000001	-0.000492937052194988		1.89699999999993	infill_ei	1.45499999999993	0.00608313805876785	0.923161964183477	324
1203	0.146541818031271	0.999669228455393	11	399	-2.15620772919396	0.924190841532605	209			6.88199999999961	-0.0020829719627097		0.992999999999938	infill_ei	1.16700000000037	0.00741344773816926	0.927050260518596	233
884	0.0504767401419278	0.342712798142861	1701	603	-4.86890746553149	0.924181514434554	131			6.32400000000007	-0.00356809279315334		0.672000000000026	infill_ei	0.945999999999913	0.00665680949816758	0.930109664551269	155
259	0.0107521941891749	0.355081831981711	44	215	0.447487962569046	0.924137612895663	221			2.45200000000023	-0.00160325031688062		1.07700000000023	infill_ei	1.20199999999977	0.00658726550310276	0.926611330519022	245
378	0.0287485188009948	0.188269407713422	1556	910	-0.221514109907912	0.924062509650783	289			2.41300000000001	-0.000659780650524768		0.525000000000091	infill_ei	1.41699999999992	0.00454561837245226	0.926193982985316	313
879	0.0771258316283362	0.379978847922315	1738	1050	-0.0894048367268887	0.924012226276298	0			4.937				initdesign				7
2048	0.270753392554995	0.656784428480572	1427	506	-0.229149162813641	0.923998714122305	152			12.6860000000001	-0.00389572269230806		0.23700000000008	infill_ei	0.993999999999915	0.0117543090864451	0.926766102607744	176
410	0.0186907058743471	0.770500569410818	9	808	-2.41262504028177	0.923948048213665	216			2.60600000000022	-0.0012185081050889		0.996000000000095	infill_ei	1.20100000000002	0.00603575190372429	0.926064967273501	240
679	0.0593747778430839	0.590002109839395	745	624	0.61681386289495	0.92394244160262	208			4.87800000000016	-0.00135376959013311		1.34299999999985	infill_ei	1.16499999999996	0.00402792248553826	0.928468986697031	232
531	0.0570024933296554	0.999334904574776	97	840	-4.99262582448265	0.92393440353831	174			3.00399999999991	-0.00231178379191165		1.10099999999989	infill_ei	1.07200000000012	0.0103155256927545	0.924131572162005	198
1043	0.198723790857488	0.998567032070839	1365	419	0.997534023279199	0.923898516950336	267			6.88799999999992	-0.00146439862063583		1.38700000000017	infill_ei	1.33799999999974	0.00598555887250414	0.926851005616379	291
307	0.299556490316765	0.937572586185207	16	521	-2.37667480002156	0.923889943047701	225			2.44799999999987	-0.00102689685494279		1.76800000000003	infill_ei	1.22299999999996	0.00825499101229193	0.922560628206931	249
1969	0.187510102519988	0.137588370381512	10	58	-0.647166879284097	0.923889426050394	104			9.79500000000007	-0.0057602444991589		0.180999999999926	infill_ei	0.849999999999909	0.0217685460069365	0.921406273678313	128
2038	0.107725216874565	0.337333301816798	1814	147	-4.97409635513333	0.923883783483055	143			21.9660000000001	-0.00336936947146568		0.44399999999996	infill_ei	0.980999999999995	0.0112331381341237	0.926015717091183	167
1998	0.160367066937261	0.78208751166622	9	470	0.661786981361946	0.923834939945984	284			10.6660000000002	-0.000665855741611003		1.53900000000021	infill_ei	1.40599999999995	0.00444964825106445	0.926341015910861	308
2047	0.156785439178406	0.932040856203439	728	861	0.995700234091337	0.923829850055562	241			11.0889999999999	-0.0013412808125988		0.598000000000411	infill_ei	1.25399999999991	0.00733378100712015	0.924972077470479	265
838	0.0360281110853703	0.77261132567015	1452	1003	-4.95774643373012	0.923809662682926	239			4.846	-0.000997997608994555		1.63499999999976	infill_ei	1.27199999999993	0.00462010197848094	0.926957542490223	263
1780	0.0100440453506853	0.194216418321572	2008	978	0.999490020264742	0.92371203670345	220			10.6840000000002	-0.00151215813925022		1.33300000000008	infill_ei	1.23199999999997	0.00781163078746687	0.924990051000852	244
975	0.201351101467393	0.828129479752023	1217	543	-4.91596397996659	0.923677978522326	0			5.86999999999999				initdesign				17
858	0.0431090475056691	0.101122788444599	288	168	-1.58745400186525	0.923667295482794	107			7.02999999999997	-0.00469550662804752		0.657999999999902	infill_ei	0.86200000000008	0.0113144236094061	0.928418431011822	131
2048	0.08519237583781	0.999986448424648	573	1026	-2.04664953583871	0.923621292453775	291			13.4639999999999	-0.000619835961690419		2.08599999999979	infill_ei	1.40999999999985	0.00562446632532691	0.924559373369754	315
2008	0.0103190111767609	0.179909270098573	147	838	-4.03840924961986	0.923554042692437	142			11.2280000000001	-0.00319212068620907		0.576999999999998	infill_ei	0.961000000000013	0.0121021467096294	0.924723298358973	166
339	0.0695870538539161	0.100321175589672	1863	260	-1.92805554473415	0.923422389913867	205			2.73100000000022	-0.00460371469642367		0.909999999999854	infill_ei	1.1569999999997	0.010808084281475	0.929575284861231	229
1968	0.208757613251437	0.927981964497431	2046	313	-4.9893114113871	0.923361554317026	191			16.8099999999999	-0.00205143941258068		1.45400000000018	infill_ei	1.13699999999972	0.00964194975202167	0.924637860202102	215
646	0.0214819398223313	0.997200908789582	240	602	-0.0604865499497284	0.923354145373687	178			4.28500000000008	-0.00240559497293161		0.509000000000015	infill_ei	1.09299999999985	0.0095366718236071	0.925218839624991	202
1696	0.299838223913443	0.751461365300137	2044	217	0.971865549344883	0.923344359346206	296			11.386	-0.000628347497246847		2.32499999999982	infill_ei	1.75799999999981	0.00840679167801839	0.920452524039689	320
2041	0.0627386941294051	0.829559119883917	2005	1104	-4.6687231833004	0.923315872205677	82			10.897	-0.00646480687781313		0.211000000000013	infill_ei	0.769999999999982	0.0188192841916784	0.925046490814805	106
1573	0.177544025454519	0.707839979680622	1839	427	-2.02944974329337	0.923301772973972	62			11.581	-0.00860543357450369		0.127000000000066	infill_ei	0.698999999999955	0.0178682945347678	0.930015426505914	86
415	0.299877589965225	0.515201740046631	842	748	0.988920833768459	0.923295175864676	164			3.19799999999987	-0.00271004816921019		0.363000000000056	infill_ei	1.03500000000008	0.0119659269921721	0.923524538795859	188
2000	0.0100665175586478	0.221005213343085	2034	3	-4.79310129739865	0.923276729265543	166			199.21	-0.00290902063248945		0.586999999999989	infill_ei	1.05700000000002	0.00922058213422097	0.926791763302356	190
1611	0.167901982859888	0.165412191891251	2018	868	-4.98140981698597	0.923165057535919	242			9.64199999999983	-0.000784408620558321		1.27299999999968	infill_ei	1.28699999999981	0.00921610389022212	0.919890935345603	266
250	0.146978653471191	0.227278121732797	1419	354	-2.10926085556947	0.923146099257696	18			2.018	-0.0206385253107313		0.085000000000008	infill_ei	0.555000000000007	0.0592477312631214	0.918940716284584	42
488	0.010346679035271	0.989779277288457	2032	878	-4.99594878862373	0.92308984884685	190			3.44600000000037	-0.0024873286086898		0.592999999999847	infill_ei	1.11900000000014	0.0113432909032584	0.924092223705598	214
1930	0.0154943136596807	0.988201963677509	170	998	-4.94671428669849	0.923046582851021	99			10.676	-0.00729496509757946		0.180999999999926	infill_ei	0.834999999999923	0.0261418483722902	0.921044874080204	123
103	0.225808767941522	0.401559965982241	1526	672	-4.99664286358917	0.923026712834876	273			0.923999999999978	-0.000618458696119892		1.80699999999979	infill_ei	1.375	0.00631942211844388	0.923557139845332	297
1077	0.163613501094415	0.355001648606356	122	102	0.964243774645	0.923005344633852	179			8.721	-0.00268484660386009		0.538000000000011	infill_ei	1.09099999999989	0.00805076124795803	0.927333782590157	203
1731	0.0305372511381982	0.940620402181682	1318	932	0.691341082029077	0.922946516461353	133			9.46400000000017	-0.00481048156844029		0.365999999999985	infill_ei	0.936999999999898	0.0125193287140278	0.92807678806037	157
2045	0.203448346658423	0.3503098989926	59	660	-3.06735236141305	0.922900132776431	155			13.175	-0.00228064713297691		0.798000000000002	infill_ei	1.02099999999996	0.0101829331747639	0.924182859815447	179
831	0.0642357572532385	0.999184380502056	461	1581	0.0703523700668693	0.922699111932006	0			3.75100000000001				initdesign				23
1867	0.191205611224244	0.975145643005748	8	1	-0.39937610872817	0.92267013607954	197			9.14999999999964	-0.00156588920440939		1.1840000000002	infill_ei	1.13700000000017	0.00783740573236167	0.925135445133721	221
1998	0.0110723589278925	0.866743497062403	1669	663	-2.92695818413861	0.922625561568762	172			12.3040000000001	-0.00273812821599681		0.83400000000006	infill_ei	1.05099999999993	0.00650462431930965	0.928730682973135	196
14	0.299892454941333	0.543868183656763	1865	414	-4.9338092909902	0.922624496940447	109			0.451000000000022	-0.00491647134165405		0.259999999999991	infill_ei	0.869000000000142	0.0274603778149074	0.912598304077663	133
291	0.237256581886575	0.999175708658161	429	448	0.525213096887454	0.922590135726677	238			2.76099999999997	-0.00114308840230212		1.22499999999991	infill_ei	1.27300000000014	0.00723077598861801	0.924379135380893	262
1897	0.268258572467029	0.749569840702599	107	791	-0.334544076865249	0.922577572045099	69			10.7089999999999	-0.00902248699570621		0.168999999999983	infill_ei	0.724000000000046	0.0274140863658589	0.923165024229379	93
2006	0.0944454366856252	0.256624913437691	2009	795	0.999264092325221	0.922571724226313	265			16.1219999999998	-0.00104087083684966		1.97299999999996	infill_ei	1.33199999999988	0.00616989991130948	0.925302228282621	289
1811	0.0809332000801336	0.374161969713358	578	1065	-4.9965433565895	0.922566506164122	194			10.895	-0.00189230871368743		0.720000000000255	infill_ei	1.12199999999984	0.00909618240490158	0.924751692301308	218
1022	0.291220329918588	0.805858376906776	970	276	-1.2958858523643	0.922539488941092	27			7.32299999999998	-0.0156820115848337		0.06899999999996	infill_ei	0.577000000000055	0.0499956105997908	0.915999860751628	51
1922	0.219511862776778	0.999275978507398	1923	720	0.615735810737639	0.922476212490252	57			11.508	-0.0125988067591553		0.0729999999999791	infill_ei	0.683999999999969	0.0428922927067707	0.917293348993774	81
1055	0.0841641758782492	0.996208852470548	1753	1324	-4.96187521981904	0.922475444434391	123			5.94299999999998	-0.00424903290815978		0.33199999999988	infill_ei	0.903999999999996	0.0140887538309196	0.925452805323448	147
58	0.299970483289703	0.856300780809091	1745	610	0.999609825084507	0.922436001694053	114			0.586000000000013	-0.00741614228723619		0.292000000000144	infill_ei	0.878999999999905	0.0287835439483468	0.918729948748605	138
251	0.208420085707263	0.879482231197717	1077	819	-0.896150416030848	0.922372597698829	0			1.353				initdesign				4
694	0.0561563790517887	0.884782519350034	1829	1240	0.987528982687729	0.922366312397641	188			3.77300000000014	-0.0017851053082655		1.26100000000019	infill_ei	1.12099999999987	0.00811761211370784	0.925504152578903	212
665	0.232738283572687	0.736686413242861	10	929	-4.62627385591002	0.92227294377548	96			4.29599999999994	-0.00860886257483582		0.11099999999999	infill_ei	0.817999999999984	0.0178839530936552	0.930836306111536	120
201	0.299964716659996	0.278716528049858	1240	473	-2.58960133626983	0.922252295978596	231			1.48099999999977	-0.0013628218216511		0.659999999999855	infill_ei	1.24299999999994	0.0082739840358774	0.923918566870395	255
102	0.296696612571105	0.332055892738959	11	488	-3.9026439286283	0.92220797965432	222			0.998000000000047	-0.00206928080042664		0.795999999999822	infill_ei	1.22300000000041	0.0129265696795458	0.920834593314852	246
1266	0.0103087636033679	0.230202978215729	2024	1218	-4.9782651376218	0.922180839777293	65			7.90499999999997	-0.00869760712138278		0.229000000000042	infill_ei	0.726999999999975	0.0281047830404178	0.921784434150067	89
2041	0.299657622687489	0.939156282370333	14	855	-4.91647343676222	0.922180604984758	236			11.681	-0.00148678139015616		0.424999999999727	infill_ei	1.27500000000009	0.0109219920812062	0.921047691657884	260
249	0.0344732288300761	0.100332536852303	1041	624	-3.68425949808244	0.922145890266316	43			1.51899999999995	-0.012721531801088		0.15300000000002	infill_ei	0.632000000000005	0.0350440946758143	0.924639115142921	67
1800	0.213109866733793	0.697240328983331	10	1430	-4.99311939369063	0.922140181083817	88			8.09900000000005	-0.00573726490065858		0.478000000000066	infill_ei	0.805999999999926	0.022959971798414	0.920133941639694	112
1681	0.0563940390523219	0.850856124332485	34	1364	-3.27058123603622	0.922098084779294	105			8.41000000000008	-0.00453071775628166		0.552000000000021	infill_ei	0.856999999999971	0.0138670703807439	0.925925971463241	129
1819	0.299781955984397	0.490048122146039	8	7	-0.898323607719513	0.921964354258039	162			11.002	-0.00232167347366593		1.08600000000001	infill_ei	1.03300000000013	0.0134199737527927	0.920607051551144	186
413	0.071340190008617	0.526229384157489	387	1501	-2.36557575467711	0.921933854233052	295			3.20299999999997	-0.000504037482565147		2.53300000000036	infill_ei	1.44500000000016	0.00577764574272818	0.923696205600052	319
491	0.219038009981719	0.430083884297625	249	69	-2.07992915608344	0.921901222956894	0			5.17500000000001				initdesign				16
1937	0.299589604596522	0.996603718498352	774	453	0.805314339305279	0.921890137420077	182			10.3729999999998	-0.00216043245824504		1.04300000000012	infill_ei	1.09500000000003	0.010750465919121	0.923183637503506	206
671	0.218578819134198	0.587569719242753	1730	78	-0.137526960309279	0.921786896859076	41			6.43099999999998	-0.0126422242658955		0.0589999999999691	infill_ei	0.622999999999991	0.0321650676410113	0.92685243402648	65
2043	0.0355078320103832	0.482173401834125	871	1129	0.992561241831679	0.921770770427265	257			12.9380000000001	-0.0011220164998102		0.541000000000167	infill_ei	1.30499999999984	0.00614442341258459	0.925619894422841	281
1525	0.196089060388414	0.997404617340716	12	10	-4.98913773585619	0.921726667889047	183			8.09899999999993	-0.00550868856697805		0.340000000000146	infill_ei	1.07899999999995	0.0154341668665272	0.927105259244758	207
1381	0.23257534715771	0.604790898504963	1854	1362	-4.99728559587539	0.921709541169965	192			7.54899999999998	-0.0034631702659095		0.28899999999976	infill_ei	1.13000000000011	0.0104746013877168	0.927484626880137	216
1763	0.299880592537111	0.687824916881609	1790	628	-4.98416379362342	0.921699429150788	111			12.3989999999999	-0.0101429650806136		0.125999999999976	infill_ei	0.859000000000151	0.0269866820511215	0.926789390008608	135
1788	0.113190100364886	0.644834444871863	1356	1600	-2.0946711977193	0.921697442190171	10			8.87200000000001	-0.031630444710929		0.0939999999999941	infill_ei	0.539999999999992	0.0719489822463022	0.930875486676435	34
1929	0.248488996665025	0.792326522373005	844	52	0.989071628336831	0.92166781157489	95			11.3680000000001	-0.00554128442459728		0.350000000000023	infill_ei	0.813000000000102	0.0165200649051985	0.925842503686624	119
1445	0.299706115241526	0.90280227680685	1368	1005	0.707279620097386	0.921656231173532	215			8.21799999999985	-0.00133956311449767		1.8420000000001	infill_ei	1.20800000000008	0.00912174754270197	0.922766569179056	239
1999	0.252923828794648	0.999655656257259	1481	1173	-4.48668677199705	0.921582813374594	67			11.071	-0.0083550831712938		0.436000000000035	infill_ei	0.875999999999976	0.0293947241688613	0.919730375471182	91
1200	0.139892103874071	0.981624748506857	1338	68	-0.317590133103235	0.921571003159686	24			10.37	-0.0160665151195316		0.156999999999982	infill_ei	0.576000000000022	0.0583822986678617	0.908960130907625	48
2039	0.057191427618187	0.985327518463287	991	1603	-4.95302390608235	0.921567279465152	270			15.279	-0.000850420062398829		1.9109999999996	infill_ei	1.36900000000014	0.00775279522296766	0.922402666963661	294
431	0.299415610453094	0.672058484568977	211	369	-4.99226989520873	0.921546653746106	271			3.54100000000017	-0.0009566325965721		1.84199999999964	infill_ei	1.38400000000001	0.0062638409609043	0.924867246387752	295
22	0.186520695786897	0.297427589824514	556	244	0.986667761842286	0.921513210109747	157			0.576000000000022	-0.00227057086341198		1.23700000000008	infill_ei	1.0150000000001	0.0104192180881043	0.923895432869669	181
1970	0.0123295709143071	0.966377812088472	1856	1242	0.276322608183695	0.921481526432576	71			9.77099999999996	-0.00797117189024029		0.240999999999985	infill_ei	0.847999999999956	0.0304731388424121	0.917675823870323	95
1843	0.207868129122967	0.99644314598517	197	1191	-0.301100212805643	0.921453039742126	154			9.77600000000007	-0.00246585844953192		0.833000000000084	infill_ei	1.01099999999997	0.0112195649225611	0.923608502073542	178
533	0.299795821511035	0.991163173717642	2048	1470	-4.95801641947194	0.9214107821784	98			3.05700000000002	-0.00779236587433783		0.102999999999952	infill_ei	0.831999999999994	0.0290127176550745	0.919493861108313	122
2048	0.18576381582976	0.144860618945775	1143	1066	0.956825289550836	0.921410160119848	136			11.1199999999999	-0.00322191773153953		0.301999999999907	infill_ei	0.951000000000022	0.0163640946987757	0.92021898510355	160
1994	0.119480119210714	0.102300026811539	83	877	-0.634789351373112	0.921407004258568	234			10.1199999999999	-0.00101467053380808		1.44200000000001	infill_ei	1.24799999999959	0.00772194348613759	0.92322003341585	258
933	0.156549811947545	0.357722199125985	456	1220	-2.62070175258675	0.921375831343402	4			5.13	-0.0366293278852798		0.0310000000000059	infill_ei	0.500999999999976	0.0794126616737619	0.93346078505318	28
1935	0.131213906721966	0.711959593313133	606	60	-4.09987974029885	0.921362103246785	47			16.905	-0.014320686222421		0.144000000000005	infill_ei	0.653999999999996	0.0356405648720256	0.927437651080409	71
2029	0.0776834363238726	0.997110049796187	2048	3	0.691719533421354	0.921335788173803	196			15.0479999999998	-0.0017864070170284		1.07499999999982	infill_ei	1.13000000000011	0.00981709955470922	0.923575845443428	220
113	0.0695305829052917	0.812312889771697	1329	1244	-4.94065106959924	0.921289234580819	14			1.482	-0.0211676284759766		0.0880000000000223	infill_ei	0.544999999999988	0.0619410001704063	0.917757213250705	38
423	0.299940837655588	0.938722144576421	16	1116	-4.98279390443962	0.921282614603826	85			2.476	-0.00589254092715005		0.232999999999947	infill_ei	0.779999999999973	0.0327295841305941	0.909745278128026	109
2046	0.0509112963422988	0.239023181581526	2043	1253	-1.09415562253461	0.921270721365442	187			11.4490000000001	-0.00178683001172497		1.28700000000003	infill_ei	1.10599999999999	0.0087383950408544	0.924821332152741	211
723	0.0102312801461104	0.799795510053118	829	1430	-4.96348770837348	0.921259788483727	132			3.88699999999994	-0.00374518134325256		0.692000000000007	infill_ei	0.951999999999998	0.0126742217830372	0.925566583272009	156
1333	0.256014223653848	0.999820706324855	1856	528	-1.69556625416678	0.921230822296138	78			9.60599999999999	-0.00952374645499746		0.113000000000056	infill_ei	0.74899999999991	0.0209339050831953	0.929482205464473	102
1895	0.29825492477122	0.744964696721362	564	1537	-1.71933981281675	0.921088028111966	26			9.22399999999999	-0.0165424269383881		0.0419999999999732	infill_ei	0.564999999999998	0.0575534514459696	0.91096677247422	50
141	0.299884988063444	0.332343653293375	2042	1207	-4.99880772122071	0.921080584187564	206			1.28700000000026	-0.0014134603059737		0.934000000000196	infill_ei	1.1569999999997	0.00938451971245339	0.922728439461847	230
345	0.299858438097955	0.641810485024989	2038	744	-1.56766558176673	0.921053100593389	175			2.23099999999999	-0.0040527940100867		0.298000000000002	infill_ei	1.06099999999992	0.0112657298671299	0.927536580709936	199
338	0.0253228057219063	0.999714353983147	1417	1520	-1.91399744980611	0.920967186498287	253			1.83200000000033	-0.000921371561921991		1.95499999999993	infill_ei	1.30600000000004	0.00814489877499619	0.92220876168585	277
161	0.288748704690075	0.908103462074056	1385	795	-4.99548334021196	0.920949849257326	235			1.17599999999993	-0.00100642428713351		1.52499999999964	infill_ei	1.26800000000003	0.00784980186273995	0.923012856224768	259
2048	0.286275632459141	0.190424567807365	10	435	0.998183911595839	0.920921986866744	226			10.9829999999997	-0.00368310962062408		0.472999999999956	infill_ei	1.23300000000017	0.0143451608203412	0.924319050086324	250
1048	0.0197313721333594	0.11666746441201	858	1224	-3.33368088286021	0.920847306026005	159			5.33199999999988	-0.0163823009139107		0.314000000000078	infill_ei	1.01400000000012	0.0141076157051879	0.943846991767411	183
2022	0.239187272150275	0.597852358234379	2017	2	-2.9698779238141	0.920775444855445	40			19	-0.0120898392744774		0.243999999999971	infill_ei	0.636000000000024	0.0470636637386964	0.911881834393275	64
1263	0.0114173372351203	0.424871421073886	1426	1586	-0.0335782207288991	0.9207354044545	237			7.9960000000001	-0.000998096873389444		1.07499999999982	infill_ei	1.24599999999964	0.00853509786147308	0.922042416730382	261
1573	0.181675237835591	0.928060851031088	16	845	-4.99575959469867	0.920659728191907	246			8.52800000000025	-0.00120715666524124		1.65200000000004	infill_ei	1.29199999999992	0.00538508509174302	0.926750497469607	270
1182	0.031130225795225	0.360726048976304	141	1673	-4.62045213307814	0.920608733737523	0			6.398				initdesign				20
1838	0.299905753358414	0.159788208475973	1380	856	0.983320399353425	0.920410659737684	286			12.6610000000001	-0.000550841381518332		2.58200000000033	infill_ei	1.48500000000013	0.00736670815662171	0.921552883351325	310
990	0.246371763869185	0.671309640859239	1131	1390	0.830568657196005	0.920381215987975	38			5.66300000000001	-0.0123872083357614		0.153999999999996	infill_ei	0.626999999999953	0.0336460892454438	0.925109008178256	62
2047	0.202010123075486	0.989888855230744	1252	1759	0.245747420100514	0.920363265518495	129			10.49	-0.00363422817150446		0.558999999999969	infill_ei	0.94399999999996	0.0159597408932877	0.921938501848329	153
1036	0.219050389176447	0.998702394597262	480	1646	-4.99345664575244	0.9202975608502	211			5.1260000000002	-0.00133992497173238		1.13299999999981	infill_ei	1.17499999999973	0.00867754652967559	0.923330751064799	235
2043	0.299602990590576	0.359661505699517	2042	1291	0.661424861014289	0.920287860414176	137			12.1790000000001	-0.0032674737303596		0.662000000000035	infill_ei	0.951999999999998	0.0193580746073039	0.916842742803541	161
1988	0.126520380476579	0.838656603875516	31	1739	-0.89959098736099	0.920241347318168	42			8.43599999999998	-0.101614207950321		0.108000000000004	infill_ei	0.643000000000029	0.045950540124758	1.02862761994763	66
288	0.299790235567294	0.376945757165521	2003	347	0.881174509744735	0.920230883938606	201			2.68600000000015	-0.00152461096090323		1.60500000000002	infill_ei	1.15899999999965	0.0102865822497529	0.922026534552316	225
214	0.299958800529041	0.816400179910406	1385	1651	-2.40943672519599	0.920199770426354	228			2.07699999999977	-0.00161869628554841		0.521999999999935	infill_ei	1.29599999999982	0.00977437813666496	0.923028849095058	252
695	0.201488627285704	0.102354527781873	1962	279	-4.98036919140869	0.920114316970126	126			5.38200000000006	-0.005107733811217		0.492999999999938	infill_ei	0.93100000000004	0.0194982034515278	0.922353157185428	150
1927	0.0408463073016234	0.170015819779673	389	1415	0.84835764119118	0.920094318167812	83			10.155	-0.00681941085782415		0.211000000000013	infill_ei	0.76299999999992	0.0285834933845188	0.916467276615051	107
179	0.163745160859566	0.948792252562234	18	1539	-4.64951507290039	0.920013632539768	92			1.58000000000004	-0.00562296097357941		0.434000000000083	infill_ei	0.796999999999912	0.0232462862880235	0.919520037119195	116
716	0.0325005687993952	0.690832770717097	2048	1777	-3.6331456987762	0.919965094214123	52			3.54299999999995	-0.0105608389925714		0.168999999999983	infill_ei	0.656000000000006	0.0332547816273372	0.921417148947102	76
525	0.0864012772838424	0.11761290139016	8	1297	-4.63837821683671	0.919957707443791	134			2.86799999999994	-0.00359423288208279		0.62700000000018	infill_ei	0.938999999999851	0.0160208299275358	0.921754959816689	158
988	0.279098048858987	0.345612817677706	1821	1015	-2.30043792144193	0.919820584758693	11			6.06299999999999	-0.0318076212225073		0.13900000000001	infill_ei	0.534999999999997	0.0830395953672266	0.922524938816643	35
22	0.218285633830341	0.774256244487707	1967	1210	-4.80165624118303	0.919816420192233	110			0.463000000000193	-0.00649264636441613		0.130000000000109	infill_ei	0.869999999999891	0.0211775598191631	0.923808279425313	134
358	0.0101757114566607	0.597227518348514	25	1137	0.196681560847165	0.919806349643424	59			2.23699999999997	-0.00996499005589743		0.194999999999936	infill_ei	0.706000000000017	0.0318456375146532	0.921317387225882	83
878	0.209276424702073	0.427139134866199	2022	1760	-2.98794999587245	0.919685028150119	21			5.566	-0.0186424853059755		0.0649999999999977	infill_ei	0.667000000000002	0.0530833075759225	0.919921469546619	45
2048	0.0104349841523146	0.820453632750409	509	1871	-2.06865030231629	0.919620302272692	224			10.027	-0.00111825836754927		1.27399999999989	infill_ei	1.21000000000004	0.0126602293750202	0.916734024006343	248
365	0.264069386610129	0.600146623585677	1014	1866	-4.94745454472892	0.919601106677674	9			2.71199999999999	-0.0248023576879311		0.0760000000000218	infill_ei	0.520999999999987	0.081811185656447	0.908109792710356	33
2041	0.299901395514316	0.440500239569358	915	1227	-3.59358800234704	0.919537949469603	251			12.7249999999999	-0.00101153345306384		1.75399999999991	infill_ei	1.29600000000028	0.00797315331608024	0.922870447755812	275
10	0.29982062445244	0.614319359858787	33	110	0.507698428752154	0.919496945619206	117			0.34900000000016	-0.00509810420119335		0.179000000000087	infill_ei	0.870000000000118	0.0269138059962002	0.914250309327674	141
232	0.230197018896375	0.182256417873284	787	1503	-4.99929563289039	0.919461875527778	176			1.58399999999983	-0.00233404207666843		0.638000000000147	infill_ei	1.09799999999996	0.0136967292753248	0.920317553425075	200
1648	0.0636217552066661	0.999180694674074	2022	1672	0.478641167722279	0.919242881833099	202			8.28600000000006	-0.00147473801306019		1.71200000000044	infill_ei	1.16499999999996	0.0090969050799348	0.923324597670691	226
622	0.0666601431797026	0.978119543915197	8	1860	-4.99692490017561	0.919198535717231	210			2.89399999999978	-0.00135884427035415		1.03099999999995	infill_ei	1.17799999999988	0.0117223676042997	0.919384989753517	234
1872	0.0997546368128829	0.168452409993268	2045	1672	0.901997340563577	0.919135800398174	153			9.95399999999995	-0.00254016391530351		0.975999999999885	infill_ei	1	0.0141183839579942	0.92054328891363	177
1473	0.191250004795194	0.216582524990725	9	1587	-1.37099479242022	0.918848494293054	199			7.86999999999989	-0.00145280060682661		0.869999999999891	infill_ei	1.14200000000028	0.00942504890562509	0.922832150209113	223
162	0.299585507052807	0.214434030037006	2047	1363	-0.0792277580321524	0.918754912539573	160			1.22199999999998	-0.00332233311968148		0.191000000000031	infill_ei	1.01199999999994	0.0204541650037023	0.915704403728434	184
1913	0.266478616129019	0.258502413178909	2043	1516	-4.99449208616479	0.918738339930775	181			11.2179999999998	-0.00212753109551175		1.33000000000015	infill_ei	1.06799999999998	0.0140449667317356	0.91910593744902	205
2032	0.0648667282107168	0.101220902599973	1395	1709	-4.99317889064063	0.918727235373053	127			10.9119999999998	-0.00380412597833503		0.546000000000049	infill_ei	0.917000000000144	0.0181182243203551	0.920088983234933	151
2045	0.299865851392949	0.990173071568412	2043	1840	-4.32221286213926	0.918711875731632	261			13.1199999999999	-0.000958455178550137		1.16400000000021	infill_ei	1.33599999999979	0.0111359191706556	0.918058352485547	285
169	0.214895199583359	0.425615990939613	11	1869	-4.99574324108614	0.918328019087969	278			1.41799999999967	-0.000635953292362797		1.61299999999983	infill_ei	1.39599999999973	0.00831500536517175	0.920648066277705	302
957	0.0965363123239062	0.237492644809589	131	1857	0.641163812602431	0.918264770499605	288			5.20600000000013	-0.00057083013340179		2.17499999999973	infill_ei	1.42399999999998	0.00856101559744668	0.919792503413057	312
325	0.0319623297391359	0.10207826019352	2032	1439	0.989706281372807	0.918056206613432	102			1.78200000000004	-0.00472070161831805		0.416999999999916	infill_ei	0.848999999999933	0.022816168172594	0.917313769594924	126
1320	0.299451318871527	0.230143579541844	31	1675	-4.74193263811792	0.91796282856265	169			6.83199999999988	-0.00223311581266928		0.48700000000008	infill_ei	1.05500000000006	0.0176550216718283	0.914838192392475	193
348	0.145180121751211	0.886161603353483	1734	1796	-0.35045960029383	0.917946101480827	54			1.74599999999998	-0.010064339943147		0.120999999999981	infill_ei	0.674999999999955	0.0318600904919375	0.921536431152187	78
1028	0.242688980447561	0.983337962357932	15	1993	-1.94541504078264	0.917901907860494	45			5.21199999999999	-0.0110896150205144		0.168000000000006	infill_ei	0.65500000000003	0.0370988147592717	0.919104666635178	69
1373	0.0440760439614796	0.118222257720812	1998	1937	-2.40224276380336	0.917719619656626	293			7.5630000000001	-0.000513946613802963		2.09900000000016	infill_ei	1.41200000000026	0.008141740509428	0.920036622777529	317
372	0.192986135571172	0.210350556066338	1560	1632	0.998085238510342	0.917634523325184	177			2.41600000000017	-0.00324953004090861		0.44399999999996	infill_ei	1.07599999999979	0.0127518231306036	0.924219052059169	201
134	0.299767441192219	0.997001185960962	1720	1933	0.976796218871746	0.917579185800995	266			0.905999999999949	-0.000706993257859863		2.01999999999998	infill_ei	1.35100000000011	0.0108069633232797	0.916856036185148	290
523	0.244491946045982	0.130294649832008	194	572	-0.187831671312529	0.91724525843848	77			2.88900000000001	-0.00661457507637429		0.244000000000028	infill_ei	0.763000000000034	0.0238889742606899	0.920692085271389	101
1738	0.165957064005076	0.921949498423412	2044	1946	-4.9942508200601	0.917202089533179	186			7.59099999999989	-0.00188275552245915		1.14200000000005	infill_ei	1.10599999999999	0.0146644225917731	0.917823993549857	210
2046	0.193029731683385	0.350391822186585	29	1937	0.998134750951007	0.917126852296101	113			11.0330000000001	-0.00468578611802499		0.153999999999996	infill_ei	0.877999999999929	0.0203329538953365	0.919927204505049	137
1753	0.140014465872672	0.119743442875044	2025	57	0.578951038511155	0.917014499002077	101			11.253	-0.00518667248686773		0.362999999999943	infill_ei	0.828000000000088	0.0208635635156115	0.920784210309235	125
815	0.299977971946501	0.11529709430097	1553	1962	-0.916507038427001	0.916551178261369	217			3.95800000000008	-0.00130850696933056		0.72400000000016	infill_ei	1.18199999999979	0.0139711050782538	0.915901138748339	241
1886	0.0468010799032383	0.532573904618287	1764	2082	0.937603177513008	0.91607506503202	108			11.77	-0.0052097240078134		0.261999999999944	infill_ei	0.864000000000033	0.0272707127080264	0.913819146861733	132
1958	0.165838719548112	0.105651056081117	308	2037	-3.81710536663099	0.915833267093346	145			8.83600000000001	-0.00273641341019399		0.725000000000136	infill_ei	0.968999999999824	0.0168476769166047	0.917951110014927	169
2045	0.0101198336010817	0.41531363749623	2048	2136	-4.99804544192887	0.915697944099293	268			12.1219999999998	-0.000904975083836171		2.17000000000007	infill_ei	1.36099999999988	0.0133606655033036	0.914219151480477	292
13	0.299948293320116	0.762517788791632	115	1649	-0.222035030376865	0.915507239535084	118			0.371999999999844	-0.00383427162786566		0.731000000000222	infill_ei	0.894999999999982	0.0217542952295993	0.915988148130175	142
1999	0.274915491094322	0.107064772795692	599	335	-4.91923025952505	0.915329808182133	48			12.739	-0.0100629778021387		0.159999999999968	infill_ei	0.654999999999973	0.0412402612778342	0.9123287988109	72
1778	0.111122592237385	0.93585111024667	403	2225	-3.64189100462657	0.915308552775024	28			7.94800000000004	-0.0195644439058697		0.0559999999999832	infill_ei	0.571000000000026	0.0539544123579966	0.921158882407764	52
2011	0.299768711768937	0.11022045519628	1646	1	0.987814900655104	0.914588546715852	91			11.287	-0.00612317710190066		0.222999999999956	infill_ei	0.796999999999912	0.0338421920643659	0.909227846912507	115
1721	0.299634525276601	0.477150755773068	17	2261	-4.07735689651086	0.914489025285747	204			9.92000000000007	-0.00140277485009419		0.833999999999833	infill_ei	1.15900000000011	0.0147951649459917	0.915225954425128	228
119	0.228161994598972	0.95775070395493	2046	2282	-4.99459847792415	0.913744278571445	150			1.02600000000007	-0.0025257039745406		0.591999999999871	infill_ei	0.989000000000033	0.0208955088318559	0.911798346631233	174
83	0.0758147241545566	0.19247167927561	1000	1972	-1.07416620133104	0.91358110258305	12			0.859000000000009	-0.0217983497460493		0.117000000000019	infill_ei	0.546999999999997	0.0659293323995821	0.915640811225098	36
1320	0.297176382644146	0.774150337409407	1688	2265	0.874797448797121	0.913545936667332	0			6.26000000000001				initdesign				18
690	0.124657760990753	0.124758694897402	1743	2260	-4.90427046243454	0.91347223458449	87			3.72699999999998	-0.00759181090670522		0.210999999999899	infill_ei	0.788000000000011	0.033446672518288	0.914343591305712	111
1041	0.181688906697007	0.998822070334585	209	2345	-0.461564488615495	0.913166806602209	130			4.59400000000005	-0.0118215195809706		0.230000000000018	infill_ei	0.930999999999813	0.0179557849949963	0.936387789877895	154
2048	0.263739097946375	0.750406007443752	1431	2510	-4.99519637134375	0.912483522022632	23			8.77599999999998	-0.0172932456551275		0.0719999999999743	infill_ei	0.570000000000022	0.0599372978363936	0.910540158479671	47
201	0.185292361937184	0.149872080642606	8	2262	-0.616793211000212	0.912374749010642	56			1.24699999999996	-0.0137607639521836		0.191000000000031	infill_ei	0.684999999999945	0.0372428617712075	0.924985702773842	80
2045	0.0419289308803217	0.974319154810026	2022	2699	-3.3344732977858	0.912255438334699	161			9.27800000000002	-0.00238444421284042		0.720000000000027	infill_ei	1.02700000000004	0.0244970224514021	0.905984869641249	185
17	0.12778366328973	0.717134391234823	1691	1166	-3.77759885022044	0.912215405817012	125			0.479000000000042	-0.0100540990552568		0.227000000000089	infill_ei	0.907999999999902	0.0174884086194163	0.933925186388259	149
1459	0.245286476993352	0.143353678034052	721	2344	0.497482402652116	0.911657347454481	0			6.193				initdesign				6
1086	0.131252972909956	0.507133546365955	941	2829	-1.75523179160389	0.911529053804144	0			7.583				initdesign				1
834	0.1948873309241	0.753480268057071	1910	2652	-2.08460489625225	0.911423060909688	232			3.71000000000004	-0.00168191491672511		0.586999999999989	infill_ei	1.25399999999991	0.0105419030580888	0.922320207150899	256
72	0.299846534057975	0.885205977232134	23	2684	-4.99157183020854	0.911422653796945	195			0.618999999999687	-0.00154067171664718		1.66800000000012	infill_ei	1.13700000000017	0.0241439112807635	0.901564183401289	219
2048	0.299686462262739	0.981402030905629	819	2814	-1.15146803496265	0.911351422891705	269			8.14899999999989	-0.000940717120046621		1.49299999999994	infill_ei	1.34500000000025	0.0144314569144277	0.912755927155884	293
154	0.230305990259839	0.927444216612994	1980	2765	0.998384287524249	0.911338549933251	218			1.33699999999999	-0.00116114378448919		1.48199999999997	infill_ei	1.20800000000008	0.020020081634544	0.905304889388053	242
1967	0.0100946981237249	0.989948705018455	36	2869	0.957102992724798	0.910706077132809	299			8.38499999999976	-0.000459299667782218		1.95199999999977	infill_ei	1.47200000000021	0.0177237641729755	0.901800088822844	323
2013	0.130888542940338	0.169164105863515	2048	2785	-1.13848017308491	0.91069881133051	89			10.263	-0.0111301120406659		0.0960000000000036	infill_ei	0.787000000000035	0.0306902745821768	0.925764023923796	113
1360	0.251423315593851	0.325972611613299	222	2925	-0.870618755997585	0.910160953429464	90			7.04100000000005	-0.0286704039939863		0.197999999999979	infill_ei	0.793000000000006	0.0227473338803038	0.955466394836335	114
2048	0.203637173550475	0.985686984970566	12	3041	-4.37874426906302	0.909865335909985	212			8.14199999999983	-0.00149672418681496		0.88799999999992	infill_ei	1.18499999999995	0.0201623187307619	0.907632962658297	236
2046	0.125031283186177	0.99600822740476	843	3214	0.9263833931517	0.909725515915212	121			8.05199999999991	-0.00845100539901439		0.316000000000031	infill_ei	0.897999999999911	0.0301879181253062	0.920417188847399	145
1936	0.101582331858732	0.701051254521148	2007	3148	-4.99391228852145	0.909718935232523	189			8.27699999999959	-0.00171046619578068		1.34600000000023	infill_ei	1.11100000000033	0.0176185556477188	0.912822051592275	213
1865	0.0515824739405291	0.125132941576309	536	3073	-4.90845204882805	0.908906575136819	35			8.226	-0.0237985092090845		0.133999999999958	infill_ei	0.608000000000004	0.0581973804358214	0.928386912758608	59
1299	0.269651706789577	0.93014983616819	1931	3354	-4.51729709149393	0.908251853525733	100			5.51800000000003	-0.00519224876983836		0.112999999999943	infill_ei	0.839000000000056	0.0300625937209793	0.910461151575295	124
292	0.232867721177911	0.762341160067661	620	3314	-3.58354068848675	0.907202109810747	250			1.26999999999998	-0.00117778023808838		1.70400000000018	infill_ei	1.3130000000001	0.0119626557168306	0.918107671531766	274
2048	0.191301558335214	0.449815344201963	1674	3446	-0.367065825858009	0.906974357280219	122			11.8779999999999	-0.00533934346675135		0.313000000000102	infill_ei	0.912000000000035	0.0245430332205398	0.917694987701231	146
1850	0.0894575910243273	0.446260227335064	39	3416	-0.434690902688472	0.906762522703232	0			9.339				initdesign				11
749	0.299966440126407	0.151738132313348	1505	3053	-3.50796632255573	0.906747373872244	16			3.983	-0.0221544257639959		0.0370000000000061	infill_ei	0.538999999999987	0.0685997028557697	0.914053296605306	40
60	0.29958278659498	0.988842806610504	511	3285	-0.584925935889556	0.906738937955311	248			0.436999999999898	-0.000977150452003727		1.2800000000002	infill_ei	1.29199999999992	0.0200393213752187	0.903602879914517	272
339	0.291850435255026	0.998034476004556	1615	1	-4.0454675796693	0.906579021268708	149			7.43599999999992	-0.00430378712120916		0.253000000000156	infill_ei	0.979000000000042	0.0198080576011142	0.91975322851171	173
1350	0.29473117271495	0.144730186907769	23	3460	-4.99808227789665	0.906416656369442	70			6.71199999999999	-0.00955794598517377		0.156999999999925	infill_ei	0.723999999999933	0.0443218675398906	0.90755715740551	94
1258	0.0100142175186403	0.269168446806271	1541	3241	-2.8062920829743	0.905461128804253	6			6.00500000000002	-0.0299028334115158		0.125	infill_ei	0.524000000000001	0.0839804177238759	0.91654662282204	30
25	0.295065177561307	0.326561034032444	2044	2394	-1.53192473735423	0.905273450474742	290			0.72400000000016	-0.00049099089115824		2.06700000000001	infill_ei	1.43599999999969	0.0126367349251579	0.911975955952913	314
503	0.299053479593946	0.783022926676537	2009	3626	0.88170942851122	0.904851292180283	285			2.90300000000025	-0.000508769641083663		2.38599999999997	infill_ei	1.39999999999964	0.0167618058154334	0.904449443952364	309
1994	0.28091935762388	0.615284811284333	528	3805	-1.43851216904831	0.904693563807081	0			7.65600000000001				initdesign				8
1225	0.0343733682735272	0.865542179048867	683	3615	-4.99037728642519	0.904641553154283	223			4.3779999999997	-0.00111728787865557		1.26000000000022	infill_ei	1.22400000000016	0.0217048688804264	0.902053862389387	247
1098	0.232680887439326	0.101689649276314	1972	3420	-4.98138137813112	0.904611497416831	163			5.51900000000001	-0.00783664665095532		0.515999999999849	infill_ei	1.03099999999995	0.0217177941531956	0.926740626266652	187
90	0.154933280236989	0.234251837601043	1542	3157	-2.31185675496613	0.904400184742053	0			0.521999999999991				initdesign				15
330	0.209056841481917	0.51376136436907	2041	3932	-4.18923993599001	0.904353818423314	75			2.16599999999994	-0.0183070425076581		0.336999999999989	infill_ei	0.741999999999962	0.03478329956664	0.935343852738466	99
1923	0.173547694458629	0.170215595309846	809	3680	-4.6740190188082	0.903818408784586	151			9.18200000000002	-0.00426583210564247		0.336000000000013	infill_ei	0.980999999999995	0.0204965549533619	0.918874344114232	175
1776	0.152487534586461	0.968952322880532	2036	3847	-1.36248501936521	0.90346901846244	3			7.07599999999999	-0.062953715184288		0.0400000000000205	infill_ei	0.503999999999991	0.0715324834583561	0.977560260730031	27
347	0.218292378580669	0.390986629529611	492	3936	-1.26589996948173	0.903130487693374	7			1.87199999999999	-0.0382808653799745		0.0500000000000114	infill_ei	0.508999999999986	0.084096431400405	0.933084630403822	31
1604	0.25591142461635	0.179861859100933	1304	4322	-3.3386667122116	0.902793799098783	0			7.27499999999999				initdesign				24
2000	0.0526978490711228	0.112513771744611	2026	4087	-1.67542241499429	0.901522978130941	44			9.71699999999998	-0.0117804208916928		0.135999999999967	infill_ei	0.617999999999995	0.0452175384281323	0.91292474508103	68
1234	0.187152197966284	0.875119077394171	739	4528	-1.20018011851545	0.901172355252779	32			4.49099999999999	-0.0218686912442803		0.0519999999999641	infill_ei	0.59699999999998	0.0331794902860143	0.94193934656792	56
1876	0.0102002613353021	0.517661726953504	2044	3864	-4.99996162354567	0.901127189166412	276			10.4829999999997	-0.000543042199295832		1.86199999999963	infill_ei	1.40000000000009	0.0161493816460249	0.906093704946469	300
699	0.229330831484981	0.572788258956852	1954	4765	-3.82120171423535	0.901105692795618	0			3.259				initdesign				12
1977	0.0104584813209509	0.107345623257954	269	3949	-1.68650503233832	0.900493084526275	63			7.89599999999996	-0.0145396548800172		0.0930000000000746	infill_ei	0.706999999999994	0.0380540738045999	0.925932603911314	87
2021	0.133329048048771	0.915610433320708	2047	4635	-3.73084258912869	0.900409192634732	97			8.32799999999998	-0.00798756424483952		0.449999999999932	infill_ei	0.811999999999898	0.0241877572411561	0.924530614098892	121
745	0.232044870469613	0.113695936954919	306	4417	-4.53120177797535	0.900169930363413	165			3.64699999999993	-0.00374617579131047		0.557999999999993	infill_ei	1.03700000000003	0.0214878907847628	0.915994980724742	189
1577	0.199301727876764	0.920841477719105	1957	4595	0.934765479441762	0.90005210152923	1			5.87000000000001	-0.108207218448616		0.039999999999992	infill_ei	0.496000000000009	0.0780426921434048	1.02899430584456	25
576	0.0105310284460168	0.155499532982459	536	3042	-4.98065755629664	0.900006672920501	68			2.94999999999993	-0.0190673022845114		0.105000000000018	infill_ei	0.713999999999942	0.0300073962703087	0.939464332519971	92
1905	0.0153955215621369	0.942180419785043	1511	4314	-0.315386241183672	0.899773101749166	20			8.08199999999999	-0.0206752589221585		0.0420000000000016	infill_ei	0.548000000000002	0.0699540002830362	0.909299744375122	44
1858	0.237216072501947	0.101917253047271	618	4821	0.104487179654673	0.899553144317123	13			9.65800000000002	-0.0292107372199167		0.0649999999999977	infill_ei	0.530000000000001	0.0697948626516565	0.92789190486393	37
2047	0.27953947962948	0.794949007975915	1760	4333	-4.84583542496825	0.899212224589135	17			7.00699999999998	-0.0306693607171676		0.14700000000002	infill_ei	0.558999999999998	0.0599534134470489	0.937671629221878	41
2046	0.133317030029497	0.969285640472286	1169	4817	0.774007939453934	0.898651432895882	34			9.59300000000002	-0.0279359918484535		0.0440000000000396	infill_ei	0.596000000000004	0.0387843968073237	0.947877410218283	58
1986	0.163171225876877	0.472676094448279	1940	4724	-1.18940551338806	0.897715509766551	219			10.3359999999998	-0.00282490685610523		0.617000000000189	infill_ei	1.1840000000002	0.0132104103365732	0.923065812213755	243
343	0.298857248274295	0.135286860169377	14	4947	-1.28679687534821	0.897615349548123	31			2.34000000000003	-0.058458422189652		0.0960000000000036	infill_ei	0.606999999999971	0.0530762348245843	0.981447721584015	55
2041	0.276506765552789	0.861473462563274	552	5517	-0.228075392382742	0.8968069552658	229			7.41199999999981	-0.00182036668552948		1.02999999999975	infill_ei	1.23399999999992	0.0153214585697729	0.916644963965691	253
92	0.224674900034704	0.999606114081368	567	5322	-0.140882645737801	0.896388727219867	49			0.731999999999971	-0.0141162086918181		0.0659999999999741	infill_ei	0.651000000000011	0.0416381341746021	0.9219796441977	73
64	0.0459128864830823	0.892717053479648	1969	3545	0.994590553423073	0.896204388073888	260			0.566000000000258	-0.000732469241564484		1.60699999999997	infill_ei	1.36700000000019	0.0239817211887216	0.8934668825236	284
144	0.0122466044281371	0.994443842015871	1454	2368	-4.99579866730306	0.895816699960109	282			0.881000000000313	-0.000443052204537901		3.00499999999965	infill_ei	1.41000000000031	0.015442063426215	0.90602691911718	306
2010	0.176009490385573	0.964869223089732	374	4915	-1.68390846113597	0.895560959904842	5			6.93200000000002	-0.0295524303058997		0.0680000000000121	infill_ei	0.506	0.0639807473922664	0.931699779450989	29
33	0.275158112961478	0.299391957575874	2048	4192	-4.26399379747972	0.895216917343673	120			0.444999999999936	-0.00997086582857364		0.203999999999951	infill_ei	0.903999999999996	0.0297574097612022	0.924431944639582	144
706	0.298995576696058	0.998254623421825	67	5823	0.977023728553388	0.894427606086185	86			2.50900000000001	-0.016496808297906		0.215999999999895	infill_ei	0.781999999999925	0.0347780459873802	0.933022275224642	110
1905	0.126749336272795	0.781608985099515	1876	5242	-1.52759951253904	0.894354467839323	0			6.711				initdesign				14
1316	0.168484382306451	0.994262138540643	1983	5072	-0.277085576678567	0.89430323172638	168			5.02700000000004	-0.00458383878509524		0.746000000000095	infill_ei	1.06400000000008	0.0132495228852378	0.926980419277142	192
11	0.0312657180114293	0.941471133214611	1034	11	-3.52682834986201	0.894298128893211	50			1.03099999999995	-0.010378851994667		0.177000000000021	infill_ei	0.661999999999978	0.0324657081304238	0.921714138285229	74
1991	0.214436236381021	0.783528048776687	2037	5347	-0.129631671950196	0.89426946100327	15			7.68000000000001	-0.026394667951691		0.119	infill_ei	0.544000000000011	0.0471554035163949	0.938808832819295	39
1216	0.185551113512398	0.926671379661455	622	5607	-0.667700650084703	0.892752321303127	0			4.21599999999999				initdesign				9
1891	0.256741797038515	0.999127058043762	1799	5012	-1.21893367286853	0.891263344930709	112			7.19200000000001	-0.00997654075046133		0.29099999999994	infill_ei	0.874000000000024	0.0212781337865715	0.930885627955267	136
1108	0.268295704351505	0.792678601004448	260	5254	0.325250112091364	0.891230790345289	2			3.64700000000001	-0.0721805402058335		0.0600000000000023	infill_ei	0.495999999999995	0.0766031588718713	0.987427889144507	26
643	0.0145217893386412	0.132628391941941	809	4445	-3.73263875794105	0.891176136538602	0			2.597				initdesign				5
101	0.0100784313494784	0.186662616383988	10	2572	0.310350255992756	0.88933503154155	19			0.727000000000004	-0.034554438630551		0.0840000000000032	infill_ei	0.562999999999988	0.0827433683508112	0.92824462090896	43
53	0.291903735098399	0.131669494370049	122	5602	-1.00102855718219	0.888936668733905	36			0.46999999999997	-0.0163634770538494		0.158000000000015	infill_ei	0.627999999999986	0.03090095654198	0.934606840015829	60
370	0.263890020705575	0.294678883060861	276	5981	-1.16740387051134	0.881747451401701	0			1.76600000000001				initdesign				13
562	0.102480432178246	0.513815638306237	1124	6081	-2.60851035612173	0.5	0			2.195				initdesign				2
1436	0.157436682667311	0.66471539633018	1382	7015	-3.01001501201725	0.5	0			3.233				initdesign				3
324	0.113638674309713	0.732251657480571	994	6573	-2.91467931110023	0.5	0			0.794000000000004				initdesign				10
1751	0.167231041897101	0.905246410630353	370	6875	-4.47972928221191	0.5	0			3.651				initdesign				19
121	0.0445083741607552	0.635550176077391	1996	7809	-4.07952418313153	0.5	0			0.522999999999996				initdesign				21
1698	0.0513620372310522	0.253142392642009	1466	7661	0.501546580535753	0.5	0			6.715				initdesign				22
