Feature	Gain	Cover	Frequency
ctrx_quarter	0.0654289756151962	0.0190395248033873	0.0244677933564156
mcuentas_saldo	0.0467704911584417	0.0197116042621383	0.0257018957183504
mcaja_ahorro	0.0443751783227522	0.0146225524635222	0.0220681498748757
mpasivos_margen	0.037910790622516	0.0178928191926648	0.0224195262418155
ctarjeta_visa_transacciones	0.0306049259339117	0.0155983486498377	0.0149977717596243
mpayroll	0.0284455933594395	0.0106682320654064	0.00592197730622879
mtarjeta_visa_consumo	0.0279062285338039	0.00879964643673934	0.0139265023482226
mprestamos_personales	0.0263311713085115	0.0220699988189723	0.00677042268005896
cpayroll_trx	0.0241369429431734	0.00543899614415877	0.00204826711460012
mrentabilidad_annual	0.0225269929685913	0.0263362507560159	0.0248620204998115
cliente_edad	0.0222360585431482	0.0304534073895838	0.033620719207432
Visa_mpagominimo	0.0217605096083141	0.0158703227427979	0.0210054506187652
mcuenta_corriente	0.0207842720666357	0.0214664464583395	0.0241421274553495
Visa_msaldopesos	0.0181871707524387	0.0152474246899972	0.0190086044359124
Master_Fvencimiento	0.0179838096397559	0.0215114656599878	0.0288985636419732
mautoservicio	0.017617492531922	0.01239529491943	0.0148435089643824
Visa_fechaalta	0.0171124045492179	0.0154136716058147	0.0249905728291797
Visa_Fvencimiento	0.0164225381480675	0.0223018069465392	0.0269959891673237
Master_fechaalta	0.0160241095454708	0.0203219121539906	0.0268160159062082
numero_de_cliente	0.0156711431339753	0.0211439683200009	0.0265074903157245
mrentabilidad	0.0152452519031682	0.0177270071074583	0.0229851564910356
cprestamos_personales	0.014904575953486	0.0143548989215268	0.00445648075143122
mactivos_margen	0.01439231288482	0.0236361359167178	0.0222995440677385
Master_mfinanciacion_limite	0.0141830180922731	0.0168508789365468	0.0241678379212231
cliente_antiguedad	0.0141658433115214	0.0186194905315401	0.0240907065236022
Visa_msaldototal	0.0141137137371332	0.0117333895006382	0.0178259230057249
Visa_mconsumototal	0.0137806044915252	0.00684395626597687	0.0127609612286175
cproductos	0.0134161376128309	0.0105209582823053	0.00921291693805492
mcomisiones_otras	0.0133856714145648	0.0126346837600388	0.0204998114565836
chomebanking_transacciones	0.0133133644471605	0.0191566258967742	0.0221538514277879
mcomisiones	0.0127004378452662	0.0136299480458301	0.0198656199650338
mtransferencias_recibidas	0.0126993623594699	0.0158731562584734	0.0191714373864454
Visa_mpagospesos	0.0125432262418762	0.0155931057740417	0.0218110452161393
Visa_mconsumospesos	0.0123304616156016	0.0103039738932199	0.0195570943745501
ccomisiones_mantenimiento	0.0119841897281689	0.00840465477856785	0.00466216447842035
Visa_mfinanciacion_limite	0.0118375093770141	0.0169230391120289	0.0203712591272154
mcomisiones_mantenimiento	0.0109375280442757	0.0150063207237377	0.0109355181515889
Master_status	0.0107249464570597	0.00499881804179629	0.00149120702067121
Master_mlimitecompra	0.00999967662209555	0.0156664110271884	0.018511535429022
ctarjeta_debito_transacciones	0.0098239603155341	0.0104676374455055	0.0111669123444517
Visa_status	0.00944697211941986	0.012687224250251	0.00239964348153989
Visa_mlimitecompra	0.00939833671491799	0.0143848524167595	0.0158119365122896
mcaja_ahorro_dolares	0.00815384473517177	0.0119211537708324	0.013823660484728
ccomisiones_otras	0.00785774907572111	0.0163133969878306	0.0126923999862878
Visa_cconsumos	0.00780995104485548	0.00925279651121694	0.0142007473175414
mtransferencias_emitidas	0.007471224143305	0.0153376161024286	0.0124781461040074
active_quarter	0.00722332997013043	0.00113305221420464	0.000908436460868671
mttarjeta_visa_debitos_automaticos	0.00654545032355298	0.0104311703869875	0.01186109492304
ctransferencias_recibidas	0.00644619708173834	0.00705010618497692	0.010618422405814
mcuenta_debitos_automaticos	0.0060244334683145	0.0123734768843117	0.00788454286791677
ctarjeta_master	0.00585248740126272	0.000354252086440302	0.00057420040451133
mextraccion_autoservicio	0.00546164085899818	0.00559780930687094	0.00673614205889411
ccaja_seguridad	0.00522814576515558	0.0100096117171554	0.00169689074766035
Master_msaldototal	0.00504228699149836	0.0096534231755718	0.00758458743272428
Master_msaldopesos	0.00493430514809772	0.00659763290904445	0.0068561242329711
ctarjeta_visa	0.00492285176566337	0.00054283833594013	0.000454218230434335
mpagomiscuentas	0.00476559034237406	0.0110233858382365	0.00780741147029584
ccajas_consultas	0.0046820977351486	0.00837188306857311	0.00202255664872648
Master_mpagospesos	0.00436938887594531	0.0108768383147729	0.00711322889170752
Visa_mconsumosdolares	0.0043124201764966	0.00608655001777577	0.00681327345651503
Master_mpagominimo	0.00417878845875111	0.00765233768535757	0.00665901066127318
cextraccion_autoservicio	0.00399956903285495	0.00304956813226854	0.00371944739638682
ccallcenter_transacciones	0.00366048978540384	0.00891735351746717	0.00311096637071064
ctransferencias_emitidas	0.00354188228395287	0.00874697749002092	0.00615337149909156
ctarjeta_visa_debitos_automaticos	0.00339004948375111	0.0052361800451216	0.00611909087792671
thomebanking	0.0033246892231811	0.00338855560041795	0.00394227143395838
internet	0.00321922182562929	0.00819253857081581	0.00247677487916081
ccaja_ahorro	0.0030494718779052	0.00636861346191825	0.00216824928867711
mtarjeta_master_consumo	0.00301519142723836	0.00391348297170537	0.00291385279901272
catm_trx	0.00299403090452526	0.00405062719424685	0.00273387953789723
ctarjeta_debito	0.00298579034370319	0.00445318817873387	0.00522779472764047
cmobile_app_trx	0.00284404868124668	0.00241246335921829	0.00473072572075006
Master_fultimo_cierre	0.00276263410475485	0.00729515921025522	0.00468787494429399
cpagomiscuentas	0.00271844882782656	0.00358951993308872	0.00463645401254671
Master_mconsumospesos	0.00265761886902698	0.00626026093269048	0.00480785711837098
ccuenta_debitos_automaticos	0.00249554827182614	0.00382704846728634	0.00356518460114497
cdescubierto_preacordado	0.00246827073176843	0.00593471869746851	0.00162832950533064
matm	0.00244468702724315	0.00443869536698577	0.0042593671797333
Visa_fultimo_cierre	0.00240036216668102	0.00363168533645522	0.00425079702444208
tcallcenter	0.0021263027633191	0.00218461532156139	0.00137979500188543
Master_mconsumototal	0.00199590373733492	0.00409354803573707	0.00365945630934833
mplazo_fijo_dolares	0.00133582049783528	0.00814739625018926	0.00177402214528127
Master_cconsumos	0.00132347142647801	0.00177822128032978	0.00248534503445202
tmobile_app	0.00131745211552113	0.00382921016610953	0.000771313976209249
ccajas_transacciones	0.00119907010200598	0.00185824576950585	0.000805594597374104
ctarjeta_master_transacciones	0.00115775791968496	0.00223927979206588	0.00171403105824278
Visa_mpagado	0.00114664564044999	0.0038839934855699	0.00199684618285283
Visa_mpagosdolares	0.0010513593034659	0.00404315643428094	0.00207397758047376
catm_trx_other	0.000923260201254494	0.00492042541283472	0.00159404888416578
Visa_msaldodolares	0.000909609077191417	0.00361476288198042	0.00179973261115491
matm_other	0.000902423817332513	0.00261639001990602	0.00172260121353399
mttarjeta_master_debitos_automaticos	0.000634898296568648	0.00477138811049613	0.00149120702067121
Master_mconsumosdolares	0.000627251537832476	0.000463063643072511	0.000762743820918035
cseguro_vivienda	0.000437683045980237	0.00186752274893291	0.000814164752665318
Master_mpagosdolares	0.00036648132790752	0.00029950897635722	0.000497069006890405
ccajas_otras	0.00035878811875573	0.00778865708191186	0.00128552329368208
cplazo_fijo	0.000343795798783001	0.00126315445819288	0.000377086832813411
cseguro_accidentes_personales	0.000274708748954509	0.00131797691952494	0.000659901957423469
tcuentas	0.000264844132571423	0.00254229338928065	0.000471358541016763
cseguro_vida	0.000257286748590165	0.00186394375851914	0.000497069006890405
Master_mpagado	0.000191120582357929	0.00197571052646437	0.000565630249220116
Master_cadelantosefectivo	0.000177504380176381	0.0000865907160706134	0.000162832950533064
Visa_delinquency	0.000152106353583251	0.00125466031619973	0.000462788385725549
ccheques_depositados	0.000142123937908065	0.000553199189377958	0.0000857015529121388
ctarjeta_master_debitos_automaticos	0.000130232072350926	0.000302093051559525	0.00026567481402763
Master_msaldodolares	0.000127841563035499	0.000197881020686746	0.000231394192862775
minversion2	0.000124483493892394	0.0010761559453431	0.000197113571697919
ccajas_extracciones	0.000119572787791087	0.00346217434437344	0.000625621336258613
mcheques_depositados	0.000114903353514721	0.000456984910398183	0.0000771313976209249
Master_madelantopesos	0.000106897807300256	0.000149379615798325	0.000222824037571561
cinversion1	0.0000998234068349074	0.00177361001200884	0.00026567481402763
cprestamos_prendarios	0.0000971776674900127	0.000871532915174384	0.000128552329368208
Visa_madelantodolares	0.0000899668531798219	0.0000809133654987642	0.000222824037571561
mtarjeta_visa_descuentos	0.000088100698237444	0.001541921089233	0.000317095745774913
Visa_madelantopesos	0.0000847535401450615	0.000130436017403243	0.000274244969318844
Master_delinquency	0.0000771531638605527	0.0000763469324126758	0.000171403105824278
Master_madelantodolares	0.0000747104833932927	0.0000713342819892575	0.000137122484659422
Visa_cadelantosefectivo	0.000057875628952839	0.0000697372936240767	0.000145692639950636
cinversion2	0.0000534932726839248	0.000785710447294596	0.000119982174076994
Visa_Finiciomora	0.0000311681002352111	0.00141086093689381	0.000239964348153989
ctarjeta_visa_descuentos	0.000026172640434142	0.000401054734097133	0.0000771313976209249
cseguro_auto	0.0000196598224156306	0.00105000810754484	0.000171403105824278
mcheques_emitidos	0.0000179752794685006	0.0000581021943449589	0.00000857015529121388
ccheques_emitidos	0.0000161469849032495	0.0000581021943449589	0.00000857015529121388
mcaja_ahorro_adicional	0.00000412899592416992	0.0000748741305313293	0.0000171403105824278
cforex_sell	0.00000153957163088662	0.0000264051066458564	0.0000171403105824278
mforex_sell	0.000000464395315875042	0.000010637337386077	0.00000857015529121388
