Feature	Gain	Cover	Frequency
ctrx_quarter	0.098750661371658	0.0197526147290431	0.0261312828786462
mpasivos_margen	0.0430044537491773	0.0172030945177687	0.0235739356543977
mcaja_ahorro	0.0388084558788556	0.0145599769711675	0.0229303079972882
mcuentas_saldo	0.0379908869684743	0.0203414357255873	0.0232821577831747
mtarjeta_visa_consumo	0.0307534742193949	0.00929963405164691	0.0131385859071288
Visa_msaldopesos	0.0287069094841843	0.0148838337095138	0.0193002480111905
cpayroll_trx	0.0283433963243174	0.00495152214782496	0.00173350382314828
mpayroll	0.0251291039411729	0.0109729761348347	0.00595570125378668
mrentabilidad_annual	0.0240119011654758	0.028184279833653	0.0283968522316716
mcuenta_corriente	0.0238718221883566	0.0193963465088062	0.0225012228925485
cprestamos_personales	0.0208273744637788	0.0123788758853323	0.00429943274949154
cliente_edad	0.0205222465085991	0.0294974083929705	0.0306109313721283
mprestamos_personales	0.0197052233711851	0.0217274253305577	0.00667656422974933
Master_Fvencimiento	0.0176183045448533	0.0193546230078608	0.0277360611703725
Master_fechaalta	0.0169245682422264	0.0205135099538457	0.0278733684038892
Visa_fechaalta	0.0168741103984786	0.0153109423585455	0.0248526092665219
numero_de_cliente	0.0161491680420045	0.0231748531423542	0.0273584662782016
cproductos	0.0161145970567737	0.00909259473996284	0.010263715705373
mrentabilidad	0.0159938286844012	0.0178095190424737	0.0228101641679611
mactivos_margen	0.015882161582783	0.0241053620603784	0.0220978828940932
Visa_mpagominimo	0.0158749000222053	0.016190901134153	0.0208106275798742
Visa_msaldototal	0.0154761345637571	0.0110687465728978	0.0175152539754735
mautoservicio	0.015365085204392	0.0115419421098546	0.0129068799505694
Visa_Fvencimiento	0.0147252400735425	0.0211673192861796	0.0252902760733564
mcomisiones_mantenimiento	0.0146175267722007	0.0131876964193504	0.010555493576596
cliente_antiguedad	0.01452390218187	0.018447857143303	0.0245779947994885
chomebanking_transacciones	0.0131273068665196	0.0191995316258088	0.0222094450213255
Visa_mpagospesos	0.0129552037337505	0.0158169710402199	0.0213083663013722
mtransferencias_recibidas	0.0125316088491403	0.0162139000135808	0.0196692612012667
Master_mfinanciacion_limite	0.012203633279269	0.0151682452863837	0.0211281505573816
Visa_mconsumospesos	0.0121949001729874	0.0107703302777683	0.0214113467265097
ctarjeta_visa_transacciones	0.011995546778146	0.0164975169457342	0.0156787697271877
mcomisiones	0.0119866039147226	0.0135911368260623	0.0200039475829636
mcomisiones_otras	0.0119572179074719	0.0127504460276364	0.0197121697117406
Visa_mfinanciacion_limite	0.0117781068250584	0.0178745739566044	0.0211624773657607
Visa_status	0.0111788617857598	0.0112331528375892	0.00226556935302548
Master_mlimitecompra	0.0108658347830862	0.0168917290932397	0.0192487577986218
ctarjeta_debito_transacciones	0.00997678617708816	0.00922360767120629	0.0105040033640272
Visa_mlimitecompra	0.00926858606869424	0.012758528495069	0.0159362207900315
Visa_cconsumos	0.00856718960633065	0.00987292690294343	0.0149235799428459
mextraccion_autoservicio	0.0082471176965112	0.00577202002174801	0.00699408720725669
mcaja_ahorro_dolares	0.00818266366095722	0.0117460061571764	0.0126236837814412
ctarjeta_visa	0.00771088515556796	0.000598616245494372	0.0003947582963605
Visa_mconsumototal	0.00752610362082074	0.00735919684539736	0.0138251220747123
ccomisiones_otras	0.00737727388611247	0.0165381751932217	0.0126408471856308
Master_status	0.00727022347562934	0.00691035716900372	0.0017077587168639
mttarjeta_visa_debitos_automaticos	0.00698086369561335	0.0121021745099017	0.0133531284594987
mtransferencias_emitidas	0.00691852459679201	0.0152725560074617	0.0121860169746067
mcuenta_debitos_automaticos	0.00682069283861932	0.0137854034767456	0.00858170209479348
ctransferencias_recibidas	0.00618590104510909	0.00726352090562488	0.0102379705990886
ctarjeta_master	0.00551897849851579	0.00051710538471706	0.000600719146635544
ccomisiones_mantenimiento	0.00524526841940855	0.00859658932015942	0.0043423412599655
ccaja_seguridad	0.00524323950981465	0.0114122700520834	0.00183648424828581
mpagomiscuentas	0.00509005548466792	0.0106995260017287	0.00769778677902975
Master_mpagospesos	0.00477200453835781	0.0117624613879269	0.00781793060835686
Master_msaldototal	0.00459004637338897	0.0104858875594163	0.00766345997065058
Master_msaldopesos	0.00455662976590544	0.00697973860146298	0.00715713954705776
ccajas_consultas	0.00416611458915344	0.00916778853319141	0.00214542552369837
Visa_mconsumosdolares	0.00387919147277849	0.00630626252828985	0.00635904125224197
Master_mpagominimo	0.00360070561974705	0.00726170575095922	0.00621315231663048
ccallcenter_transacciones	0.00354249305309528	0.0087415915778954	0.00316664807297879
ctarjeta_visa_debitos_automaticos	0.00350855102485273	0.00479888271005611	0.006316132741768
ctransferencias_emitidas	0.00350187235204359	0.00973087592704899	0.00633329614595759
internet	0.00332040618126368	0.00725557517435522	0.00245436679911094
matm	0.00331209586776595	0.00435793614656577	0.00467702764166245
thomebanking	0.00316591565166634	0.0038370848352906	0.00411921700550087
cmobile_app_trx	0.00311937518090396	0.00254483646077144	0.00488298849193749
ctarjeta_debito	0.00306483129981315	0.0046097314952488	0.00532923700086675
Master_mconsumospesos	0.00286795934757182	0.00579640738174142	0.0047456812584208
Master_fultimo_cierre	0.00279547653117341	0.00731563778674626	0.00512327615059171
tcallcenter	0.00277655175051829	0.00264565360868096	0.00179357573781184
ccaja_ahorro	0.00272247828017859	0.00614207604371372	0.00218833403417234
cdescubierto_preacordado	0.00266867843363267	0.0053316354367284	0.00156186978125241
cpagomiscuentas	0.00262305585910975	0.00406879965516486	0.00437666806834468
mtarjeta_master_consumo	0.00244318694902823	0.0028604285361173	0.0027633080745235
cextraccion_autoservicio	0.00217047961654962	0.00312615271806894	0.00387034764475186
ccuenta_debitos_automaticos	0.00208005973908901	0.00419596142311745	0.00366438679447682
Visa_fultimo_cierre	0.00207348226987206	0.00325336603054369	0.003947582963605
Master_mconsumototal	0.00181114341625216	0.00376104592666751	0.00330395530649549
ctarjeta_master_transacciones	0.00162968528404024	0.00200457076204676	0.00151037956868365
Master_cconsumos	0.00140855070837017	0.00187302806765892	0.0025058570116797
catm_trx	0.00139526716980781	0.00395825240485407	0.00278905318080788
tmobile_app	0.00127782249099051	0.0036390235771116	0.000738026380152239
mplazo_fijo_dolares	0.00124152163582726	0.00784779524577725	0.0017077587168639
Visa_mpagado	0.00123282707552507	0.00333829422155037	0.0019737914818025
ccajas_transacciones	0.0012202084822057	0.00183461343867751	0.000806679996910587
Visa_mpagosdolares	0.00115107832086929	0.00448655655290579	0.00211968041741399
Visa_msaldodolares	0.00100117721408079	0.0043803870074976	0.00199953658808688
matm_other	0.000945455762852416	0.00311761816222325	0.00178499403571704
catm_trx_other	0.000903788469309196	0.00566816461061581	0.00187939275875977
mttarjeta_master_debitos_automaticos	0.000648504490105645	0.00487659216232438	0.00148463446239927
Master_mconsumosdolares	0.000549386828880319	0.000362112796332536	0.000789516592721
cseguro_vivienda	0.000408882480443146	0.0022214264416171	0.000883915315763729
cplazo_fijo	0.000392949974286953	0.00171733425900423	0.000523483827782402
ccajas_otras	0.000387147539537697	0.00756650819761503	0.00127867361212423
active_quarter	0.000361640713074242	0.000893335295003303	0.000712281273867859
Master_mpagosdolares	0.000310158871540727	0.000298686545922707	0.00056639233825637
cseguro_accidentes_personales	0.000286316832555106	0.00136297748146397	0.000695117869678272
cseguro_vida	0.000248942348955555	0.00141174683222973	0.000463411913118848
tcuentas	0.000211417453978619	0.00326787259199814	0.000583555742445957
Master_madelantodolares	0.000168026091748225	0.0000883752309259023	0.000145888935611489
Master_mpagado	0.000163031644146919	0.00195355528713841	0.000523483827782402
mcheques_depositados	0.000155075331152478	0.000523621113444952	0.000102980425137522
Master_madelantopesos	0.000150545510953146	0.0000809213203051461	0.000205960850275044
Master_msaldodolares	0.000141643484167321	0.000294705447482251	0.000283196169128185
Visa_madelantopesos	0.00013755619806948	0.000138337980558815	0.000343268083791739
ccheques_depositados	0.000134811710715429	0.000572623488404627	0.0000858170209479348
minversion2	0.000129011836365257	0.000999624037118974	0.000223124254464631
ctarjeta_master_debitos_automaticos	0.000125500149341727	0.000220246163694418	0.00019737914818025
ccajas_extracciones	0.00011752411826993	0.00347223874749148	0.000626464252919924
cprestamos_prendarios	0.000117345558257228	0.00116894385497461	0.00017163404189587
Visa_delinquency	0.0000950730292022623	0.00070741312974026	0.000283196169128185
cinversion1	0.0000860607428931507	0.00176897900662057	0.000266032764938598
Master_delinquency	0.0000615008915002121	0.0000558556487180794	0.000145888935611489
Master_cadelantosefectivo	0.0000590951816979728	0.0000624984490110104	0.000128725531421902
Visa_Finiciomora	0.0000505887777177643	0.00121593348793368	0.000223124254464631
Visa_madelantodolares	0.000049344577445509	0.0000781833755136476	0.000137307233516696
Visa_cadelantosefectivo	0.0000469610284262679	0.0000600468626759374	0.000102980425137522
cinversion2	0.00004540389982073	0.000741219535261645	0.000111562127232315
mtarjeta_visa_descuentos	0.0000403496444359642	0.000881594598289857	0.000180215743990663
ctarjeta_visa_descuentos	0.0000370665183699017	0.000754745319002834	0.000137307233516696
mcaja_ahorro_adicional	0.0000284324642445114	0.000381003147806787	0.0000943987230427283
cseguro_auto	0.0000181997182118428	0.00067813226167461	0.000120143829327109
ccheques_emitidos	0.0000161777370417604	0.0000584471927487304	0.00000858170209479348
mtarjeta_master_descuentos	0.00000928143728167858	0.0000175451826251915	0.00000858170209479348
mforex_sell	0.000000262071292746376	0.00000938504046127582	0.00000858170209479348
