Feature	Gain	Cover	Frequency
ctrx_quarter	0.0929307711932446	0.0184640763477215	0.0226270027606491
mcaja_ahorro	0.0516485642155944	0.0144435986285704	0.0229108078123791
mpasivos_margen	0.0322095894985176	0.0182189633853769	0.0237966235798997
cpayroll_trx	0.031307429582509	0.00537355594926753	0.00215863842376394
mpayroll	0.0282802696361129	0.0102195360615892	0.00592550547399744
mrentabilidad_annual	0.0266551898728446	0.0268355430912886	0.0279074967534422
mprestamos_personales	0.0265013869899332	0.0209218688196306	0.00694032353775897
mcuentas_saldo	0.0240194222436403	0.0227116768011869	0.0237622229675688
Visa_msaldototal	0.0225936953339	0.0103915568063408	0.0161768879486055
mcuenta_corriente	0.0215126281144011	0.019596422877851	0.0230914110271163
ctarjeta_visa_transacciones	0.021444206991882	0.0153849164049272	0.015566277079732
cliente_edad	0.0211391499769115	0.0299580529121088	0.0310293523224713
Visa_mpagominimo	0.0206146841527005	0.0159093744370511	0.0204941647961334
mtarjeta_visa_consumo	0.0198170708874873	0.0089869320158225	0.0141386516679997
cproductos	0.0192483274394946	0.00905212694052158	0.00925376471701196
Master_Fvencimiento	0.01816549795347	0.0217460959425311	0.0299543331871307
Visa_msaldopesos	0.0175263464388138	0.0142341481104922	0.017785116575075
Master_fechaalta	0.0169880283683632	0.0192326488997545	0.0281225005805103
mactivos_margen	0.0169269014604275	0.0237842267284513	0.0224463995459119
Visa_Fvencimiento	0.0163756944073269	0.0215781388011926	0.0267464760872744
Visa_fechaalta	0.0157556575977779	0.0149538886622601	0.0241234293970433
numero_de_cliente	0.0153946999857355	0.0225449186502624	0.0265228721071235
cprestamos_personales	0.0152372106569228	0.0139607335309327	0.00440327837835514
mrentabilidad	0.0152335099395608	0.0180174517022739	0.023349415619598
Visa_mpagospesos	0.0152260967024404	0.015396303232646	0.0216551854623012
chomebanking_transacciones	0.0147661277650631	0.0218423281737438	0.0257746587889264
mautoservicio	0.0147514615677971	0.0118934885503635	0.0128744291648391
mcomisiones	0.0143784961472215	0.0139313536102123	0.0211477764304205
cliente_antiguedad	0.0138578843713921	0.018950760451863	0.0237192222021552
mcomisiones_mantenimiento	0.0135366927230083	0.0146399612423269	0.0106039887509998
ctarjeta_debito_transacciones	0.0133018130092925	0.0103168387176369	0.0109221944150606
Master_mfinanciacion_limite	0.0129158108169723	0.014695960684093	0.021818588370873
Visa_mfinanciacion_limite	0.0123858974245794	0.0175348466007653	0.0211477764304205
mcomisiones_otras	0.0122602152119001	0.0119726491349114	0.0192041418337246
mtransferencias_recibidas	0.0120740144605	0.0147368248415503	0.0189891380066565
Master_mlimitecompra	0.0103090487778402	0.0176329170690733	0.0183613268316176
Visa_mconsumospesos	0.0102719345505263	0.00982209330100477	0.0187913344857538
mcaja_ahorro_dolares	0.00967977569597195	0.0121426801572198	0.014379455954316
Master_status	0.00959449665721132	0.00596613941342547	0.00154802755489048
Visa_mlimitecompra	0.00938761059256883	0.0132748787832151	0.0163058902448464
Visa_status	0.00845918212052567	0.00867820881592984	0.00178023168812405
Visa_cconsumos	0.00840837791461103	0.00925440357091376	0.0144654574851432
mtransferencias_emitidas	0.00803678327496296	0.0154736678384227	0.0128658290117564
ctarjeta_master	0.00797883481304123	0.000437999291767679	0.000602010715790741
Visa_mconsumototal	0.00755984901037701	0.00683023941377557	0.0135796417176226
ccomisiones_otras	0.00747603854981266	0.0156471944836196	0.0126336248785228
mttarjeta_visa_debitos_automaticos	0.00716761335562054	0.0115209678154359	0.013347437584389
mcuenta_debitos_automaticos	0.00688835432083116	0.0151453593378282	0.00889255828753752
ccomisiones_mantenimiento	0.006217382582255	0.00830748047855951	0.00441187853143786
ctransferencias_recibidas	0.00607205241378855	0.00798826468005902	0.0102771829338562
ctarjeta_visa	0.00578266578882731	0.000441721963617514	0.000395607041805344
mpagomiscuentas	0.00566176973164015	0.0110491568507456	0.00780033884603146
ccaja_seguridad	0.00495090638814637	0.0108150106397292	0.0017630313819586
Master_msaldopesos	0.00492506413171406	0.00810111768310656	0.00758533501896334
cextraccion_autoservicio	0.00476603563451185	0.00355489197858452	0.00455808113384418
mextraccion_autoservicio	0.00472187243056292	0.00539616594322995	0.0069145230785108
Master_msaldototal	0.00465606674487715	0.00900668061987822	0.00685432200693172
Visa_mconsumosdolares	0.00451888369392274	0.00692657048649198	0.00686292216001445
Master_mpagominimo	0.00415639479973004	0.00864082524026264	0.00695752384392442
Master_mpagospesos	0.00373483914851981	0.0106684867054654	0.00655331664903635
ctransferencias_emitidas	0.00353957007035514	0.00953960822287738	0.00641571419971275
ctarjeta_visa_debitos_automaticos	0.00339788166460847	0.00492116017761881	0.00626091144422371
ccajas_consultas	0.00320875032945588	0.00963042350994385	0.00188343352511675
cmobile_app_trx	0.00307347443195444	0.00268645835129312	0.00509129062497313
ccallcenter_transacciones	0.00301803526388991	0.00862814666868979	0.00305305434436733
ctarjeta_debito	0.00296134315162931	0.00442531425395502	0.00521169276813127
tcallcenter	0.00282972832970025	0.00261129977327936	0.0015566277079732
thomebanking	0.00277300332759108	0.00339913424239898	0.00347446184542085
internet	0.00275934400418928	0.00798502976954247	0.00266604745564471
Master_mconsumospesos	0.00272343268854128	0.00580709770409294	0.00467848327700233
Master_fultimo_cierre	0.00270419652528605	0.00663866130179051	0.00479028526707775
cpagomiscuentas	0.00268653206272202	0.00359985626783684	0.00439467822527241
ccaja_ahorro	0.00253924794342659	0.00610273335778529	0.00208123704601942
cdescubierto_preacordado	0.00240867201982831	0.00589003718554886	0.00156522786105593
matm	0.00235509731032281	0.00417020075179249	0.00417107424512156
Master_mconsumototal	0.00218281860595825	0.00435409214626097	0.00382706812181257
ccuenta_debitos_automaticos	0.00213745927629968	0.00362472636589203	0.00341426077384177
Visa_fultimo_cierre	0.00208579788778609	0.0033483841439686	0.00375826689715077
mtarjeta_master_consumo	0.00208129140354772	0.00388497031508878	0.00296705281354008
ccajas_transacciones	0.00187198348485529	0.00232088624569709	0.000928816532934286
Master_cconsumos	0.00164680217809213	0.00237038399362638	0.00289825158887828
ctarjeta_master_transacciones	0.00163257530811335	0.00189312027265082	0.00163402908571773
catm_trx	0.00132647394454311	0.00356886551710388	0.00259724623098291
tmobile_app	0.00126725181641087	0.00396650094699615	0.000791214083610688
Visa_mpagosdolares	0.00121237970803252	0.00407150106420212	0.00241664301624569
mplazo_fijo_dolares	0.00118939720236003	0.00768495090376345	0.00170283031037952
Visa_mpagado	0.00107208691554089	0.00378178300835937	0.00201243582135762
matm_other	0.000956112635956132	0.00345724409351681	0.00191783413744765
Visa_msaldodolares	0.000934765245754171	0.00433042784292617	0.0018662332189513
catm_trx_other	0.000845706066653856	0.0046576021730783	0.0016598295449659
Master_mconsumosdolares	0.000520314699726123	0.000399582177768719	0.000920216379851561
mttarjeta_master_debitos_automaticos	0.000517708739133947	0.00534992602558617	0.00136742434015325
cseguro_vivienda	0.000486791528350107	0.00219773474583515	0.000937416686017011
tcuentas	0.000397970904940834	0.00326648751200058	0.000593410562708016
active_quarter	0.000395987050600556	0.000866734341295495	0.000722412858948889
Master_mpagosdolares	0.000352331147270878	0.000265900118431603	0.000524609338046217
cplazo_fijo	0.000348652502420575	0.00135039697526892	0.000395607041805344
ccajas_otras	0.000326730315822547	0.00668820130804382	0.00112662005383696
cseguro_vida	0.000298355918002228	0.00201909914088741	0.000541809644211667
cseguro_accidentes_personales	0.000280692056690182	0.00144107008814353	0.00065361163428709
Master_mpagado	0.000222880913625061	0.00178620707097907	0.000567610103459842
Master_madelantopesos	0.000190309880097143	0.00016101853940575	0.000283805051729921
ccheques_depositados	0.000173176647892454	0.000692629330053606	0.000103201836992698
Visa_madelantodolares	0.000154401272235721	0.000065954500167426	0.000189203367819947
Master_msaldodolares	0.000146144912596635	0.000222655886215815	0.000275204898647196
minversion2	0.000129583383390356	0.00103843886485971	0.000206403673985397
Visa_delinquency	0.000122661515317678	0.000770433708897241	0.000309605510978095
cprestamos_prendarios	0.000120889317108327	0.00111094698646552	0.000163402908571773
ctarjeta_master_debitos_automaticos	0.000119920771298929	0.000215166851706556	0.000206403673985397
mcheques_depositados	0.000108867027243191	0.000403613550256799	0.0000602010715790741
cinversion1	0.0001013900656384	0.00175059977740664	0.000275204898647196
Visa_madelantopesos	0.0000933359643118857	0.000094511099812047	0.000215003827068122
Master_madelantodolares	0.0000902687388510307	0.000107156007974223	0.000137602449323598
mtarjeta_visa_descuentos	0.0000892324438816278	0.00197968680754543	0.000387006888722619
ccajas_extracciones	0.000080472605628226	0.00279991944446101	0.000498808878798043
Master_delinquency	0.000079736237668425	0.0000629448480052315	0.000137602449323598
cinversion2	0.0000620382832841231	0.000843430666200502	0.000129002296240873
Visa_Finiciomora	0.0000543345939921877	0.00195708863158889	0.000326805817143545
Master_cadelantosefectivo	0.0000497275185590753	0.0000379970376084014	0.000111801990075423
Visa_cadelantosefectivo	0.0000436909404547358	0.0000312668623247124	0.0000946016839099736
ctarjeta_visa_descuentos	0.0000325464483982208	0.000499034994642418	0.0000946016839099736
cseguro_auto	0.000011875612285618	0.000792613957191567	0.000129002296240873
mcaja_ahorro_adicional	0.00000671021862496633	0.000153816002008551	0.0000344006123308995
minversion1_pesos	0.00000522018797742381	0.0000584754930570892	0.00000860015308272487
cforex_sell	0.00000156257314029429	0.0000137697674484033	0.00000860015308272487
