Feature	Gain	Cover	Frequency
ctrx_quarter	0.151469918506794	0.0263572699372767	0.0280916824547717
mcaja_ahorro	0.0492352849614121	0.015474716453581	0.0251866711244846
mcuentas_saldo	0.045389853476565	0.0213418933377068	0.0283740109216539
mpasivos_margen	0.037827614475879	0.0168896188003836	0.023626434860136
cpayroll_trx	0.0325791663919819	0.00763403027568352	0.00412348155577845
mtarjeta_visa_consumo	0.0323529913589679	0.00903024989359981	0.0135889148928266
mpayroll	0.0297678871415302	0.0168396528240994	0.0100300902708124
mrentabilidad_annual	0.0294598541312105	0.0278126397503475	0.0324157658159664
mprestamos_personales	0.025895372590036	0.0237272659898221	0.00847728370296073
cliente_edad	0.0225469840447251	0.0332388159304785	0.0386344217838701
mcuenta_corriente	0.0214213203418938	0.0153885570698545	0.0214495337865448
Visa_mpagominimo	0.0200315494488536	0.0177152466025565	0.0234852706266949
cprestamos_personales	0.0181093095734131	0.0139738811931312	0.00543110813923251
Master_fechaalta	0.0173943148767129	0.0200834231680187	0.0304617556372822
Master_Fvencimiento	0.0164679112089974	0.016438311151349	0.0274750176455292
Visa_Fvencimiento	0.01619421620705	0.0179358985361208	0.0270069467662246
mactivos_margen	0.015212353020333	0.0243165074511733	0.0229800512649058
Visa_fechaalta	0.0151860156236729	0.0132449510019171	0.0237155912180987
mrentabilidad	0.0150844169513369	0.0162783150028682	0.0222816597941974
numero_de_cliente	0.0144674221060065	0.0210159030423521	0.026613172851889
cproductos	0.0142122913570351	0.0136981726689919	0.012541327686764
chomebanking_transacciones	0.0136347392630038	0.0202345114933833	0.0260856644006092
Visa_msaldopesos	0.0126884002123299	0.0132849673325693	0.0152457372116349
cliente_antiguedad	0.0125546357138299	0.0159312229894543	0.0220290501133029
Master_mfinanciacion_limite	0.0123188755986959	0.0143933049828845	0.0218581670938742
ctarjeta_visa_transacciones	0.0116604858068804	0.0171634388708344	0.0146885099743675
Visa_status	0.0114953263864467	0.0128570125683177	0.00263754225639883
mtransferencias_recibidas	0.0110711658713879	0.0138338041858815	0.0190571715145436
Visa_mpagospesos	0.0110368228241736	0.0161164749127463	0.0212786507671162
Visa_mfinanciacion_limite	0.0104437207908355	0.0145210659878177	0.0183439206508414
mcomisiones_mantenimiento	0.0102557115132271	0.0136589040204339	0.0113674356402541
Visa_mconsumospesos	0.0100303126756232	0.00939677382177965	0.0187822727441584
Master_status	0.00981107746593465	0.0033387395039547	0.00101786842007504
Visa_msaldototal	0.00962986082897581	0.0071169599863924	0.0122218507373974
mcomisiones_otras	0.00936170924117998	0.00967024922461983	0.0160630038262937
ctarjeta_master	0.0091480888076834	0.000188294381886247	0.000326906645863517
mcaja_ahorro_dolares	0.00812236656980617	0.012350169523441	0.0139455403246777
mcomisiones	0.00803351233309169	0.0111854324022005	0.0156246517329767
mautoservicio	0.00771478464111538	0.0133913538327741	0.0168802704409525
Visa_cconsumos	0.00739292795551635	0.00912840016124213	0.013120844013522
mtransferencias_emitidas	0.00738160800707833	0.0186543347113928	0.0149114008692745
ccomisiones_otras	0.00732753973126912	0.0190607778256888	0.0128385155466399
Master_mlimitecompra	0.00660978967999303	0.00960144683258283	0.0118206471265649
mttarjeta_visa_debitos_automaticos	0.00628619397407005	0.00972068979557204	0.0118949440915339
ccomisiones_mantenimiento	0.00611508576983918	0.00964557932459523	0.00516363906534418
mcuenta_debitos_automaticos	0.00606140397138085	0.0152105194065763	0.0104684423641294
ccaja_seguridad	0.00605138493186019	0.0122304366271728	0.002332924700026
Visa_mlimitecompra	0.00567731561137923	0.00858319194206778	0.0103347078271853
ctarjeta_debito_transacciones	0.00530167156871973	0.0123788097176433	0.0139455403246777
ctransferencias_recibidas	0.0050015157507389	0.00779820273694005	0.00907908911920948
Master_mpagospesos	0.00495886851653703	0.0125448995052678	0.00863330732939559
ccajas_consultas	0.00486159635544848	0.0110366999070226	0.00297187859875924
mpagomiscuentas	0.00424567262063503	0.0119072716438025	0.00786061889371819
Visa_mconsumosdolares	0.00410246417350034	0.00829778279915645	0.00723652438797875
ccallcenter_transacciones	0.00391681794393683	0.00929616396275899	0.00384858278539322
Master_msaldototal	0.00365795688085436	0.00795461656787285	0.00595118689401538
Master_msaldopesos	0.00364349463229367	0.00634925649352681	0.00601805416248746
Master_mpagominimo	0.00344990329771799	0.00752511831830039	0.00611464021694714
internet	0.00340879329041817	0.00849248781814587	0.0031279022251941
ccaja_ahorro	0.00325933649491994	0.00905226140181795	0.00337308220959174
Visa_mconsumototal	0.00319605904468488	0.00321742943757304	0.00579516326758052
ctransferencias_emitidas	0.00314267376312627	0.0119911272283166	0.00661242988223931
mextraccion_autoservicio	0.00302531418457573	0.0046239033680407	0.00635239050484788
thomebanking	0.0028990510497484	0.00255248441228851	0.00321705858315688
ctarjeta_debito	0.00286892372767091	0.00420908717671199	0.00488874029495895
cdescubierto_preacordado	0.00271663493641993	0.00615849891117727	0.00179055685575244
cmobile_app_trx	0.00271061215044012	0.00307907065550617	0.00494074817043724
cpagomiscuentas	0.00270218524274237	0.003926246499241	0.00489616999145585
Master_fultimo_cierre	0.00264994175590769	0.00611686992107651	0.00477729484750548
tcallcenter	0.00257094278292	0.00285091483286259	0.00225119803856013
ctarjeta_visa_debitos_automaticos	0.00254817596390047	0.00546049436719619	0.00517106876184108
Master_mconsumospesos	0.00231885883939953	0.00740079947811718	0.00482930272298377
cextraccion_autoservicio	0.00198630340928254	0.0026501694087322	0.00321705858315688
Visa_fultimo_cierre	0.00190200774874738	0.00243365047892446	0.00356625431851109
matm	0.00183133087248771	0.00439416315711379	0.00417548943125673
mplazo_fijo_dolares	0.00182176094386899	0.00979186064959298	0.00231806530703221
ctarjeta_visa	0.00175672425116174	0.000375610100242881	0.00031204725286972
ccuenta_debitos_automaticos	0.00160379185866511	0.00352432045548933	0.00338794160258553
ccajas_transacciones	0.0015899151990024	0.00185760353131252	0.000936141758609161
mtarjeta_master_consumo	0.00151314382560016	0.00414406921097895	0.00243694045098258
tmobile_app	0.00135367642737907	0.00512049119809481	0.00104015750956573
Master_cconsumos	0.00115485633113728	0.00126203985543885	0.00215461198410045
Visa_mpagado	0.00110371804515096	0.00414662624765036	0.00218433077008804
ctarjeta_master_transacciones	0.00109034106248176	0.00125026010299129	0.00127047810096958
catm_trx	0.00102968026253335	0.00404466899692328	0.00228834652104462
Master_mconsumototal	0.000948968519050734	0.00246871153597061	0.00189457260670902
matm_other	0.00088608819723322	0.00329062980035176	0.00203573684015008
catm_trx_other	0.000835620350271172	0.00700046083021962	0.00213975259110665
Visa_mpagosdolares	0.000789646442321706	0.00329326473310619	0.00168654110479587
Visa_msaldodolares	0.000730745158871272	0.00445959075398614	0.00184999442772763
mttarjeta_master_debitos_automaticos	0.00058693921228098	0.0046936781077087	0.00134477506593856
ccajas_otras	0.000468206524889139	0.006696205647329	0.00127790779746647
cseguro_vivienda	0.000371839115003801	0.00194611242932704	0.000787547828671199
active_quarter	0.000312412631623102	0.00064592604998577	0.000609235112745644
ccheques_depositados	0.000289646598991145	0.00161191868393125	0.000245179984397637
Master_mconsumosdolares	0.000278262070407843	0.000224423126556902	0.000475500575801479
cseguro_vida	0.000276441561416132	0.00268351765422299	0.000646383595230135
cplazo_fijo	0.000269131725923438	0.00114921625150804	0.000371484824844905
cseguro_accidentes_personales	0.00021040014580596	0.000583530385209923	0.000438352093316988
ccajas_extracciones	0.000197264881416412	0.0041155721771454	0.000846985400646384
tcuentas	0.000162398248242475	0.00368113429333497	0.000624094505739441
Master_mpagosdolares	0.000143748591396022	0.0000895795932098	0.000245179984397637
minversion2	0.000134598934627463	0.00109794047815211	0.00027489877038523
ctarjeta_master_debitos_automaticos	0.000126486870879676	0.000174515196388636	0.000215461198410045
cinversion1	0.00010796171019639	0.00277249783857768	0.000423492700323192
Master_mpagado	0.000097505295029129	0.000390744196373838	0.000200601805416249
cprestamos_prendarios	0.0000891072890096805	0.000933067553662487	0.000141164233441064
cinversion2	0.0000726941100950123	0.00160016449583527	0.000245179984397637
Master_madelantopesos	0.0000724660907100439	0.0000251017871876377	0.0000668672684720829
ctarjeta_visa_descuentos	0.0000699436361278301	0.00191803013950312	0.000356625431851109
Master_msaldodolares	0.0000639549417500324	0.000168124108495495	0.000133734536944166
mtarjeta_visa_descuentos	0.0000610410500150642	0.00156485441192909	0.00031204725286972
mcaja_ahorro_adicional	0.0000575778694751059	0.000379054971806553	0.000141164233441064
mcheques_depositados	0.0000519546022035136	0.000291748199830093	0.0000520078754782867
Visa_delinquency	0.0000515191915712497	0.00012307190134063	0.000148593929937962
Master_cadelantosefectivo	0.0000202252084105673	0.00000974663460484742	0.0000297187859875924
Visa_Finiciomora	0.0000157224621444375	0.000761313307243688	0.000148593929937962
Visa_madelantodolares	0.0000127427452875101	0.0000211035226016889	0.0000445781789813886
cseguro_auto	0.0000109288617588944	0.000940237000871743	0.000148593929937962
Visa_madelantopesos	0.00000572268521999682	0.0000163208835580785	0.0000297187859875924
Master_delinquency	0.00000342446329938608	0.0000123641234488005	0.0000297187859875924
mforex_sell	0.000000576599575270186	0.0000363257405563019	0.0000297187859875924
cforex_sell	0.000000476231699486438	0.0000107941715051678	0.0000074296964968981
