Feature	Gain	Cover	Frequency
ctrx_quarter	0.151740747196704	0.025473018890058	0.0278715337149654
mcaja_ahorro	0.0526128841986301	0.0159571324466754	0.0265407776373504
mpasivos_margen	0.0380944331374317	0.0179034703775069	0.0239015686566055
mcuentas_saldo	0.0362215012635916	0.0213311725983543	0.0279607464129061
mprestamos_personales	0.0344510309162094	0.0231327312094138	0.00805888038064084
cpayroll_trx	0.0316759646229798	0.00720643500959345	0.00391792431789458
mpayroll	0.0315950868456523	0.0167511174660413	0.00979109359898892
mcuenta_corriente	0.0283361915258561	0.0168908411556426	0.0225485094045052
mrentabilidad_annual	0.0265574681089096	0.0272153947842355	0.0313656977176418
mtarjeta_visa_consumo	0.025068537907973	0.00955202549390505	0.013508289346517
cliente_edad	0.0228853271725672	0.0323212571045342	0.0385250167273809
Visa_mpagominimo	0.0200458471891072	0.0167840086808727	0.0222883057021783
Master_fechaalta	0.0177860640105764	0.0200533057670696	0.0307040368745818
Visa_Fvencimiento	0.01626927139091	0.0174845398668507	0.0268976284291131
Master_Fvencimiento	0.0157698908700199	0.016364234111816	0.0268455876886477
mactivos_margen	0.0156357667871698	0.0249958895453438	0.0242286818823879
Visa_fechaalta	0.0154677881319177	0.0129505047109751	0.0236041929968032
ctarjeta_visa_transacciones	0.0154268604669419	0.0172941654564695	0.0146234480707754
mrentabilidad	0.0152822748638418	0.0163170627639442	0.0224295591405843
cproductos	0.0146398352119406	0.0135228027679723	0.0125715560181399
numero_de_cliente	0.0145461949894726	0.020920502553791	0.02649617128838
Visa_msaldopesos	0.0144054951266712	0.0136068288268559	0.0159319009739053
chomebanking_transacciones	0.0136686792738222	0.0202774912264993	0.0250167273808639
cliente_antiguedad	0.0127552555880737	0.0173766868241394	0.0225856813619805
Visa_status	0.0127196162761498	0.0124579664141128	0.00245334919336852
Master_mfinanciacion_limite	0.0124504970591563	0.0147172518517895	0.0217455951230392
Master_status	0.011817834344486	0.0032913965618267	0.00107798676678314
Visa_msaldototal	0.0108436006559975	0.00737372395663706	0.012311352315813
mtransferencias_recibidas	0.0107905872424578	0.0135779922196032	0.0191212549252844
Visa_mpagospesos	0.0107409458997716	0.0161831599801209	0.0205560924838302
mcomisiones_mantenimiento	0.0104841944527514	0.0139870920208577	0.0113300126384655
Visa_mfinanciacion_limite	0.0101612536114831	0.0152200568696962	0.01854137238867
mcomisiones_otras	0.00989244212354194	0.0102681815329687	0.0172775258345104
Visa_mconsumospesos	0.00971023002383501	0.0088610868647626	0.0176789829752435
cprestamos_personales	0.00962237573377159	0.0128078098275526	0.00507025499962828
mcomisiones	0.00837885402355478	0.0114959343888405	0.0155230094416772
mcaja_ahorro_dolares	0.00804663987972856	0.0122221042621958	0.0143483755854583
mautoservicio	0.00790707761994605	0.0136420615745571	0.0167273808638763
Visa_cconsumos	0.00769289099200896	0.00991308673516551	0.0135008549550219
ccomisiones_otras	0.00729865892296651	0.0178539150983919	0.012720243848041
mtransferencias_emitidas	0.0072958227494077	0.0180689794949555	0.0143483755854583
ctarjeta_master	0.0063578703686403	0.000223024164971934	0.00046093227269348
Master_mlimitecompra	0.00629794566739833	0.00916348258915858	0.011389487770426
mttarjeta_visa_debitos_automaticos	0.00617590249449284	0.00975724895734574	0.0119693703070404
mcuenta_debitos_automaticos	0.00613795812895911	0.0150748914540972	0.0110623745446435
ccaja_seguridad	0.0061295404839181	0.0124192648179224	0.00237157088692291
ccomisiones_mantenimiento	0.00595887787822601	0.0100301513507459	0.00505538621663817
Visa_mlimitecompra	0.00576419372720144	0.00780811303455937	0.0098282655564642
ctarjeta_debito_transacciones	0.00542902576978968	0.0125481778243679	0.0148985205560925
ctransferencias_recibidas	0.00525089814732813	0.00724561802277688	0.00962753698609769
Master_mpagospesos	0.00462459766597614	0.0116852401196507	0.00817783064456174
ccajas_consultas	0.00455517630989932	0.0103353850598889	0.00280276559363616
mpagomiscuentas	0.00441277562073561	0.0126658495485735	0.00849750947884916
Visa_mconsumosdolares	0.00435488859577446	0.0086284069964414	0.00785815181027433
Master_msaldopesos	0.00379031718814342	0.00572638416706364	0.00616311054940153
Master_msaldototal	0.00364552177213122	0.00778497134075477	0.00573935023418333
ccallcenter_transacciones	0.00356051970235337	0.00859858139450415	0.0036428518325775
Master_mpagominimo	0.00352596845396398	0.007612988502855	0.00615567615790648
Visa_mconsumototal	0.00343591496242087	0.00297327675410913	0.00602185711099547
ccaja_ahorro	0.00324795413944891	0.00931237815953465	0.00334547617277526
internet	0.00320425933046138	0.00776115758762515	0.00279533120214111
ctransferencias_emitidas	0.00318754371986272	0.0110925144661499	0.00636383911976805
thomebanking	0.00289421387449272	0.00269657955592965	0.00332317299829009
ctarjeta_visa_debitos_automaticos	0.00284430893554684	0.00553636909041551	0.00553862166381682
tcallcenter	0.00280313197876367	0.00289526825728924	0.00209649840160583
mextraccion_autoservicio	0.00273455083181499	0.00443850951544096	0.00615567615790648
ctarjeta_debito	0.00264245934314549	0.00419323913436908	0.00457958516095458
cmobile_app_trx	0.0026202552372443	0.00298660247269858	0.00478774812281615
cdescubierto_preacordado	0.00253432095721154	0.00661019239597385	0.0017619507843283
cpagomiscuentas	0.00249599428297391	0.00329369539562525	0.00455728198646941
Master_fultimo_cierre	0.00239693499212658	0.00593356306754709	0.00440859415656829
Master_mconsumospesos	0.00228453186159582	0.00732101375741552	0.00469110103338042
Visa_fultimo_cierre	0.00194872118953377	0.00276364055214736	0.0037618020964984
matm	0.00184758433113759	0.00540972935846529	0.004371422199093
ccuenta_debitos_automaticos	0.00178584597412165	0.00386682337823186	0.00384358040294402
mplazo_fijo_dolares	0.00160232463644824	0.0100356577267458	0.00238643966991302
ccajas_transacciones	0.00159442142160308	0.002102004310971	0.000973905285852353
tmobile_app	0.00150041318207169	0.00526479157101354	0.00113002750724853
cextraccion_autoservicio	0.00145084755513002	0.00243452392940732	0.00283993755111144
mtarjeta_master_consumo	0.00141060460759639	0.00339382712319209	0.0020667608356256
catm_trx	0.00133995282292426	0.0049871447695462	0.00281019998513122
Master_cconsumos	0.00133548806010611	0.00141877587115864	0.00246078358486358
ctarjeta_visa	0.00132048345529861	0.000312249286821695	0.000349416400267638
Visa_mpagado	0.00107422617659389	0.00433064685040379	0.00224518623150695
Master_mconsumototal	0.00087834152560753	0.00281298504218549	0.00173964760984313
catm_trx_other	0.000841341044047928	0.00720355372437989	0.00211136718459594
Visa_mpagosdolares	0.00082975507757205	0.00306675103493956	0.00161326295442718
Visa_msaldodolares	0.000822723182648236	0.00409551419106954	0.00182886030778381
matm_other	0.000795984091515121	0.00330247396382862	0.00201472009516021
ctarjeta_master_transacciones	0.000789432360290051	0.00172499857498616	0.00132332168611999
mttarjeta_master_debitos_automaticos	0.000587621046384368	0.00502620960853958	0.00138279681808044
ccajas_otras	0.000513800407368504	0.00675165441888964	0.00127871533714965
cplazo_fijo	0.000369199428755577	0.00105809350898074	0.000401457140733031
cseguro_vivienda	0.000364913559854081	0.00200356821764745	0.000840086238941343
active_quarter	0.000258559360085974	0.000586784167951415	0.000535276187644041
cseguro_vida	0.000251136977441822	0.00258347272327356	0.000579882536614378
ccheques_depositados	0.000246625469165387	0.00136813898247221	0.000208162961861572
cseguro_accidentes_personales	0.000230008291952407	0.000758122610713143	0.000550144970634154
tcuentas	0.000207030844279174	0.00391226691720806	0.00069139840904022
Master_mconsumosdolares	0.000196336227882747	0.0000963787197657097	0.000334547617277526
ccajas_extracciones	0.000168533299691108	0.00401406811831964	0.000810348672961118
Master_mpagosdolares	0.000151329051902123	0.000115370785523227	0.000319678834287414
Master_mpagado	0.000134948536621978	0.00100302884688901	0.00032711322578247
minversion2	0.000129165038492582	0.00103630164708218	0.000245334919336852
cinversion1	0.000118803132227696	0.00293479045746086	0.000446063489703368
ctarjeta_master_debitos_automaticos	0.000112538060802174	0.000183568418988608	0.000223031744851684
mcheques_depositados	0.000098915355231938	0.0005891894487303	0.0000892126979406736
cprestamos_prendarios	0.0000874857863254032	0.000932883293822976	0.000141253438406066
Master_msaldodolares	0.000085761708078947	0.000146957273101325	0.000156122221396179
mtarjeta_visa_descuentos	0.0000791702530774365	0.0016485311537997	0.000341982008772582
cinversion2	0.0000773025750106645	0.00174698348479821	0.000267638093822021
ctarjeta_visa_descuentos	0.0000652247545255494	0.00188821908235751	0.000349416400267638
Visa_delinquency	0.0000468026978607618	0.000310414429550441	0.000141253438406066
Master_cadelantosefectivo	0.0000426107937189292	0.0000134441934771787	0.0000371719574752806
mcaja_ahorro_adicional	0.000030180020425222	0.000216746800108826	0.0000743439149505613
Visa_Finiciomora	0.0000208392908146289	0.00185881806555088	0.000297375659802245
Master_madelantopesos	0.0000163404224019038	0.0000162280526409389	0.000059475131960449
cseguro_auto	0.0000148641032626613	0.000534973054806743	0.0000966470894357297
Master_delinquency	0.0000140766558448184	0.0000150700658576552	0.0000520407404653929
Visa_madelantopesos	0.0000109097464961784	0.000052236600368341	0.0000966470894357297
mtarjeta_master_descuentos	0.00000483739496879681	0.0000182601675932711	0.00000743439149505613
cforex	0.00000329152184775269	0.0000477405685886323	0.0000297375659802245
Visa_cadelantosefectivo	0.00000122415484007199	0.00000120579771513054	0.00000743439149505613
minversion1_pesos	0.000000506358262135911	0.00000591412206014651	0.00000743439149505613
mforex_sell	0.000000329546929446288	0.000015918033328146	0.0000148687829901123
Visa_madelantodolares	0.0000000166028970168859	0.00000579865414927116	0.0000148687829901123
