Feature	Gain	Cover	Frequency
ctrx_quarter	0.11570711416045	0.0199960605077422	0.0228534590434748
mcaja_ahorro	0.0492564171612562	0.0155383422365088	0.0229421008098634
mcuentas_saldo	0.0413170065001416	0.0223094263063004	0.026890688585358
mpasivos_margen	0.0393782299402666	0.0181467770394313	0.0225955920867078
cpayroll_trx	0.0359679727538112	0.00784356639956715	0.00290100326362867
mtarjeta_visa_consumo	0.030718580451625	0.00967391992162568	0.0141182158829929
mpayroll	0.0295868490957067	0.0144016461930705	0.00767960030621701
mprestamos_personales	0.0286684818715932	0.0246893731312287	0.00776824207260567
mrentabilidad_annual	0.0232315282669321	0.029362614453842	0.0285748821467424
mcuenta_corriente	0.0226405338295668	0.0154849153063	0.0208146984165357
Visa_mpagominimo	0.021054770502551	0.0158862865057863	0.0211692654820903
cliente_edad	0.0189507594558825	0.0290795505862123	0.0311293766872154
Master_status	0.0177922494225988	0.0039428580181703	0.00139409323502156
ctarjeta_visa_transacciones	0.0174984295936115	0.0169575729798321	0.0144566662637495
Visa_msaldopesos	0.0172780108463101	0.0146423779085848	0.0187275877352029
cprestamos_personales	0.0167563617765156	0.0132577959284694	0.00474636367299247
Visa_mpagospesos	0.0156099598803144	0.0152356586033571	0.0211612071396914
Master_Fvencimiento	0.0155333353532549	0.0169073264428295	0.0266972883677828
Master_fechaalta	0.0154900370722783	0.0176699046931058	0.0274225391836899
mactivos_margen	0.0153148182906495	0.0240094325044073	0.0231113260002418
mrentabilidad	0.0141556849126802	0.0150572349638904	0.0215802409444377
Visa_fechaalta	0.014147920751001	0.0134985371499912	0.0231677343970345
numero_de_cliente	0.0135457850506927	0.0210579271621969	0.0260203876062694
Visa_Fvencimiento	0.0135238544783983	0.0174094134737608	0.0242475522784963
cproductos	0.0132819209023928	0.0121662347249924	0.0110963374833797
Visa_msaldototal	0.0127704410277808	0.00975989351994114	0.0162536766187195
cliente_antiguedad	0.0126621904921721	0.0176811287528997	0.0233450179298118
ccomisiones_mantenimiento	0.0126217437850523	0.00969637913155551	0.00503646399935533
mcomisiones	0.0124365894960219	0.0137879519811591	0.0200088641766389
chomebanking_transacciones	0.011711278394933	0.0191224112153026	0.0228776340706717
mtransferencias_recibidas	0.011575430562879	0.0156469337950775	0.0197751722470688
mautoservicio	0.0114371359097286	0.0134941406215726	0.0149965752044804
mcomisiones_otras	0.0107178056399923	0.0115208531880425	0.0188565212135864
Visa_status	0.010467945821824	0.00963573714173665	0.00213546073572666
Master_mfinanciacion_limite	0.0103508087516104	0.0141336506146238	0.0205890648293646
Visa_mfinanciacion_limite	0.00973407726960487	0.0136660006798025	0.0185664208872235
Visa_mconsumospesos	0.00965246588902843	0.0100332149974623	0.0198074056166647
Master_mlimitecompra	0.00959991024389049	0.0117378404814277	0.0185744792296225
mcomisiones_mantenimiento	0.00868063468087508	0.0131853946906405	0.0109271122930013
ctarjeta_debito_transacciones	0.00857819485773123	0.0136004142986724	0.0130786897135259
ccomisiones_otras	0.00810335411188966	0.0178984053457765	0.0134171400942826
Visa_mlimitecompra	0.00803793720477893	0.0109791619122503	0.0152625005036464
mcaja_ahorro_dolares	0.00770137408447464	0.0134515644819342	0.0142149159917805
mtransferencias_emitidas	0.00769346297161114	0.016602987496924	0.0136911237358475
Visa_cconsumos	0.00707788754618431	0.00951233649111978	0.0136991820782465
Visa_mconsumototal	0.00661006070728659	0.00647583064888385	0.0124420806640074
ccaja_seguridad	0.00630976083885918	0.0121896591115394	0.00226439421411016
mttarjeta_visa_debitos_automaticos	0.0061970632921582	0.00958359130445731	0.012288972158427
mcuenta_debitos_automaticos	0.00615018428924972	0.0151165581536172	0.0093476771828035
ctarjeta_master	0.00523816116935772	0.000364630164051615	0.000491558886337081
ctransferencias_recibidas	0.0050157875337611	0.00777117308341104	0.00907369354123857
Master_msaldototal	0.00456244679714429	0.008245879327519	0.00733309158306136
ccajas_consultas	0.00454682040958886	0.0103155960168944	0.00252226117087715
Master_mpagospesos	0.00441626451744876	0.0128564234615155	0.00842096780692212
mpagomiscuentas	0.00435068444757748	0.0133684173364831	0.00846931786131593
ctarjeta_visa	0.00428188874868165	0.00071131520421666	0.000531850598331923
Master_msaldopesos	0.00427392403390336	0.00714741834701038	0.00748620008864177
Visa_mconsumosdolares	0.00414047129875463	0.00824407540418303	0.00757484185503042
mextraccion_autoservicio	0.00403580255243416	0.00567002224566064	0.00761513356702526
cextraccion_autoservicio	0.00382568127388299	0.00339434269653874	0.00423062975945848
Master_mpagominimo	0.00382489727903301	0.00841212133538052	0.00697046617510778
ccallcenter_transacciones	0.0034603877914311	0.00864970276004535	0.00333615375317297
ctransferencias_emitidas	0.0032620111213261	0.0115108563538028	0.0066078407671542
internet	0.00300568171817359	0.00805829062945936	0.00272371973085136
ccaja_ahorro	0.00294899400848565	0.00849850464261455	0.0027398364156493
thomebanking	0.0028854431433293	0.00315350292940704	0.00352955397074822
tcallcenter	0.00285141183136222	0.00315773595449843	0.00194206051815142
ctarjeta_visa_debitos_automaticos	0.00280821638601246	0.00598396130843071	0.00589870663604497
cpagomiscuentas	0.0026341349615445	0.00433115116955441	0.00509287239614811
Master_mconsumospesos	0.00262477787251207	0.00639491266216605	0.00522180587453161
cdescubierto_preacordado	0.00262461460483355	0.00862384927174297	0.00197429388774729
matm	0.00261792397642979	0.00557262654573059	0.00559248962488416
cmobile_app_trx	0.00249272325227861	0.00261879635097913	0.00449655505862444
Master_fultimo_cierre	0.00234715296635759	0.00585750479330441	0.00440791329223579
mtarjeta_master_consumo	0.00226626419950927	0.00381326768927398	0.00264313630686168
ctarjeta_debito	0.00213810474589109	0.00350371945131799	0.00416616302026673
ccuenta_debitos_automaticos	0.00205564944160455	0.00426799103837757	0.00420645473226157
Visa_fultimo_cierre	0.00179578315675863	0.00268039686320996	0.00347314557395544
Master_mconsumototal	0.00157664927986144	0.00406184883195831	0.00332003706837504
catm_trx	0.0014968240510439	0.0046203346878758	0.00319110358999154
ccajas_transacciones	0.00147817047554202	0.00211215625937433	0.000950884403078287
tmobile_app	0.00146514659826541	0.00543638137792646	0.00108787622386075
mplazo_fijo_dolares	0.00146165518479356	0.0104943282847344	0.00252226117087715
Master_cconsumos	0.00144011210622237	0.00175165550493354	0.00273177807325033
ctarjeta_master_transacciones	0.0010198307752858	0.0016785717357739	0.00163584350699061
Visa_mpagosdolares	0.0010096698323413	0.00298370662538188	0.0019984689149442
matm_other	0.000993905551784093	0.00332712286647194	0.00211934405092872
Visa_mpagado	0.000971789919547301	0.00359203247805248	0.00199041057254523
catm_trx_other	0.000781338604542473	0.00599345305681102	0.00187759377895967
Visa_msaldodolares	0.000749525841234633	0.00425038971509166	0.00186147709416173
mttarjeta_master_debitos_automaticos	0.000479552740771757	0.00459011952651533	0.00127321809903703
cplazo_fijo	0.000432367074929728	0.00158569519175772	0.000491558886337081
Master_mconsumosdolares	0.000424238115640321	0.000505799760551405	0.000926709375881381
active_quarter	0.000340983398568887	0.000574218931884084	0.000628550707119546
ccajas_otras	0.000338832707004376	0.00431634587990922	0.000862242636689633
cseguro_vida	0.000316490462148164	0.00195577419924608	0.000620492364720577
cseguro_vivienda	0.000298319383248962	0.00306566013317152	0.000862242636689633
Master_mpagosdolares	0.000293680887099588	0.000191820138816467	0.000507675571135018
tcuentas	0.000284392344166565	0.00405857876541567	0.000749425843104074
Master_madelantopesos	0.000192849118748614	0.000115586395674233	0.000241750271969056
cseguro_accidentes_personales	0.000168841847671507	0.000573327902124597	0.00038680043515049
ctarjeta_master_debitos_automaticos	0.000157388361008734	0.000279261781540073	0.000298158668761836
Master_msaldodolares	0.00015566742654072	0.000226555723558463	0.000241750271969056
ccajas_extracciones	0.00013265635762544	0.00326068221214432	0.000668842419114388
Master_mpagado	0.000117677067360309	0.000432759402158855	0.00027398364156493
ccheques_depositados	0.0000993862255822609	0.000513914722194529	0.0000805834239896853
Visa_delinquency	0.0000806505621119928	0.000430701668425531	0.000257866956766993
Master_cadelantosefectivo	0.0000803302674103075	0.0000625951574708814	0.000112816793585559
Visa_madelantodolares	0.0000758724661038665	0.0000638030541434151	0.000169225190378339
mcheques_depositados	0.0000655092684538621	0.000308049457457271	0.0000483500543938112
Visa_madelantopesos	0.0000628310330828128	0.0000989619730812419	0.000209516902373182
cinversion2	0.0000585819629078244	0.000827828752478467	0.000128933478383497
cinversion1	0.0000583773879758431	0.00113826453465789	0.000177283532777308
minversion2	0.0000438303116897666	0.000619137034876833	0.0000967001087876224
ctarjeta_visa_descuentos	0.0000433707293647653	0.00103535313237244	0.000201458559974213
Master_madelantodolares	0.0000401958378953091	0.0000337019648716384	0.0000725250815907168
mtarjeta_visa_descuentos	0.0000331749838076857	0.00127283918009644	0.000233691929570087
Master_delinquency	0.0000240667654498634	0.0000423742954148114	0.0000725250815907168
Visa_cadelantosefectivo	0.0000152800640045514	0.0000191492181561464	0.0000564083967927797
cseguro_auto	0.0000114490141995366	0.00118716090174394	0.000185341875176276
mcaja_ahorro_adicional	0.00000795007726144266	0.000131132203295213	0.0000322333695958741
Visa_Finiciomora	0.00000413210019393881	0.000265887146007288	0.0000483500543938112
