Feature	Gain	Cover	Frequency
ctrx_quarter	0.123662962580716	0.0197023468761597	0.023335184693278
mcaja_ahorro	0.0553724466863174	0.0153799728661207	0.023093702961371
cpayroll_trx	0.0324004191770106	0.0074652532974789	0.00292192895607447
mcuentas_saldo	0.0316109559257622	0.0222806414951603	0.0260156319174455
mpayroll	0.0315908318858986	0.014738969359043	0.00801719349931178
mprestamos_personales	0.0300635791967628	0.0256146170823712	0.00814598375632883
mcuenta_corriente	0.0299949468942414	0.0158987578947105	0.0206547374691105
mpasivos_margen	0.0299668337285787	0.017477211829491	0.0222163193354423
mtarjeta_visa_consumo	0.0267077814741782	0.00993122116856585	0.0142393727914483
mrentabilidad_annual	0.0262173191654461	0.0286509844278686	0.0305635378683603
ctarjeta_visa_transacciones	0.0205951970227196	0.0189378929187931	0.0162839181215941
Visa_mpagominimo	0.0202612933950773	0.0155533711623848	0.0216528619609927
cliente_edad	0.0178871413399183	0.0297391391336516	0.0305715872594238
Visa_msaldototal	0.0173193437535418	0.0100043888128047	0.0167507828032809
mactivos_margen	0.0157707289193788	0.0228458194403425	0.0228441718384004
Master_fechaalta	0.0157361803648474	0.0181235245483778	0.027915288208447
mautoservicio	0.0156222524228616	0.013587361166599	0.014802830165898
cprestamos_personales	0.0154013921563627	0.0132712411765638	0.00513551149855513
cproductos	0.0153891307570119	0.0110993717207178	0.0103515169077459
Visa_msaldopesos	0.0148605937752472	0.0147113465074403	0.017974290244943
Visa_mpagospesos	0.0146813488085573	0.0146168300472018	0.02029251487125
mrentabilidad	0.0146296036508947	0.016421337560458	0.0228119742741462
Master_Fvencimiento	0.0145868036536326	0.0166702321358321	0.0259270886157462
Visa_fechaalta	0.0142661827468211	0.0140624846856104	0.0235847158162485
mcomisiones_mantenimiento	0.0137638101399535	0.0127840959972361	0.0111162090587847
Visa_Fvencimiento	0.0131455358304569	0.0178358925657698	0.0236088639894392
numero_de_cliente	0.0127107360601438	0.0206353623946219	0.0244942970064315
Master_status	0.0124264263353653	0.00422324853701811	0.0013040013522977
cliente_antiguedad	0.0119844982925584	0.0177436621607319	0.0231419993077524
chomebanking_transacciones	0.0119414296332259	0.0184879207380631	0.0228200236652097
mtransferencias_recibidas	0.0115685903348526	0.0146570347183421	0.018344562233867
mcomisiones_otras	0.0115196684726353	0.0111598001583405	0.018586043965774
Master_mfinanciacion_limite	0.0114317332949295	0.0154764126658478	0.0223129120282051
Visa_status	0.0110570287125378	0.00830894486767384	0.00189160689993802
mcomisiones	0.0107128230753091	0.0129257314363009	0.0189804641278887
Visa_mfinanciacion_limite	0.0100588909186171	0.0138999161342924	0.0194070818542577
Visa_mconsumospesos	0.0100441382269663	0.0099013438022592	0.0189643653457616
Master_mlimitecompra	0.0083567129800578	0.0114872545412689	0.0159297449147972
Visa_mlimitecompra	0.00779184567004274	0.0110301021664658	0.0147786819927073
mcaja_ahorro_dolares	0.00778353323951913	0.012219557377922	0.0133780879476468
Visa_cconsumos	0.00752036381681722	0.0097690169099847	0.0144647557412282
ccomisiones_mantenimiento	0.00731571933385587	0.00942565034647243	0.00498257306834738
ccomisiones_otras	0.00728589064142053	0.017567292434274	0.013096359260422
mtransferencias_emitidas	0.00706318041705678	0.0164520794517791	0.0134585818582824
ctarjeta_master	0.00663788167533868	0.000428035134466907	0.000531259810195359
mcuenta_debitos_automaticos	0.00659482166447371	0.0154210770722268	0.0100053930920126
ctarjeta_debito_transacciones	0.00644544156868294	0.0120593423784676	0.0128629269195785
Visa_mconsumototal	0.00634983385114938	0.00641303898768265	0.0128709763106421
ccaja_seguridad	0.0060685902382419	0.0128355129995474	0.00235847158162485
mttarjeta_visa_debitos_automaticos	0.00596449144200402	0.00980609812573705	0.012371914064701
ctransferencias_recibidas	0.00521109125727086	0.00887657508647422	0.0100295412652033
Master_msaldopesos	0.0046847229981059	0.00775920757264995	0.00764692151038774
ccajas_consultas	0.00456791990336648	0.0107666532288906	0.00267239783310393
Master_msaldototal	0.00451174048134512	0.00808497800845964	0.00757447699081565
mpagomiscuentas	0.00444353088646865	0.0129719124007555	0.00847600878993504
Master_mpagospesos	0.00440576853201653	0.0121114630492602	0.00828282340440946
Visa_mconsumosdolares	0.00397225673137566	0.00765709742242655	0.00754227942656138
mextraccion_autoservicio	0.00394405786489336	0.00590941295261561	0.00785620567804046
Master_mpagominimo	0.00372310231938257	0.00776008818331775	0.00691442692360323
ctransferencias_emitidas	0.0036402173645722	0.0121237073854831	0.00712371109125595
ctarjeta_visa	0.00340010753741818	0.000736105358934929	0.000579556156576755
internet	0.00337465863845772	0.00810379033771487	0.00266434844204036
ccallcenter_transacciones	0.00335066769870182	0.00906999497463689	0.00338074424669774
cextraccion_autoservicio	0.00324091759230045	0.00362925834810279	0.00439496752070706
tcallcenter	0.00314986601157155	0.00326576074716838	0.00206064411227291
thomebanking	0.0029272292807434	0.0031421178998496	0.00383151014625744
ccaja_ahorro	0.00282399735779344	0.00882810333574454	0.00274484235267602
cpagomiscuentas	0.00278784150930336	0.00447340063199554	0.00537699323046212
ctarjeta_visa_debitos_automaticos	0.00277725674347838	0.00630804855930084	0.00579556156576755
cdescubierto_preacordado	0.0026876664952879	0.00870684684240589	0.00198819959270081
cmobile_app_trx	0.00268308031033042	0.00269845224143431	0.00459620229729621
ctarjeta_debito	0.00263698679314783	0.00407777556572009	0.00483768402920319
Master_mconsumospesos	0.00240013177949419	0.00621219068173779	0.00511136332536444
matm	0.00235239407301336	0.00458809165554164	0.00474914072750396
Master_fultimo_cierre	0.00228475260043588	0.00529796982985272	0.00441106630283419
ccuenta_debitos_automaticos	0.00212672323888552	0.00398848441956946	0.00403274492284659
Visa_fultimo_cierre	0.00206319739474915	0.0025978998763428	0.00380736197306674
mtarjeta_master_consumo	0.00193830071050564	0.00375091225169983	0.00279313869905742
Master_mconsumototal	0.00176004121048307	0.00501820972441045	0.00360612719647759
catm_trx	0.00161112837987664	0.00435226903902382	0.00309096616840936
ccajas_transacciones	0.00159484936588306	0.00222849284794715	0.00106251962039072
tmobile_app	0.00146239522837745	0.00548078138735615	0.00112691474889925
mplazo_fijo_dolares	0.00140365312863266	0.0101864503372967	0.00247116305651478
Master_cconsumos	0.00132094602671687	0.00170807812189299	0.0026321508777861
ctarjeta_master_transacciones	0.00107684436919224	0.00186990831018331	0.00152133491101398
Visa_mpagosdolares	0.000944679334747835	0.0027581448392691	0.00185135994462019
Visa_mpagado	0.000921842622821458	0.00331773538546129	0.00182721177142949
catm_trx_other	0.000827821346371078	0.00611133079680348	0.00203649593908221
matm_other	0.000805343779062179	0.00281064935790653	0.00172256968760313
Visa_msaldodolares	0.000793123377052522	0.00377567721889677	0.00177086603398453
Master_mconsumosdolares	0.000560099393447034	0.000396733399329405	0.000845186061674434
mttarjeta_master_debitos_automaticos	0.00054088166785304	0.00600856996613322	0.00160182882164964
cplazo_fijo	0.000487754033798401	0.00205128729832673	0.000611753720831019
Master_mpagosdolares	0.000394004645485864	0.000253389411558463	0.000595654938703887
ccajas_otras	0.000372433280571017	0.00523277278453428	0.00102227266507289
cseguro_vivienda	0.000328953345799897	0.00266871743817274	0.000853235452738
cseguro_vida	0.000303129666435637	0.00255902779118797	0.000652000676148849
active_quarter	0.000237679121682702	0.000628061810472799	0.000531259810195359
Master_msaldodolares	0.000212387545697226	0.000328307868769008	0.000265629905097679
tcuentas	0.000208586390937317	0.00470638397300065	0.000821037888483736
cseguro_accidentes_personales	0.000183599224141363	0.000744638009506504	0.000426617726369
ccajas_extracciones	0.000145913818796918	0.00344957371544195	0.000716395804657378
Master_mpagado	0.000142361471735017	0.000500092868626989	0.000281728687224811
ccheques_depositados	0.000125414741686115	0.000611152634788301	0.0000965926927627925
Master_madelantopesos	0.000115162583300345	0.000130432885447819	0.000257580514034113
ctarjeta_master_debitos_automaticos	0.000114793054870185	0.000210279545267349	0.000233432340843415
Visa_delinquency	0.0000964134955530311	0.000184183253704802	0.000217333558716283
Visa_madelantopesos	0.0000907418595211834	0.000072100944640557	0.000209284167652717
Master_madelantodolares	0.0000825255174987406	0.0000663094786369616	0.000160987821271321
mcheques_depositados	0.0000792544432902064	0.000371458737705828	0.0000724445195720944
cinversion2	0.0000614775177373131	0.000927010523295903	0.000144889039144189
Master_cadelantosefectivo	0.000054929568619947	0.0000320467216694975	0.0000724445195720944
cinversion1	0.000051043286277741	0.000978511107923453	0.000152938430207755
ctarjeta_visa_descuentos	0.0000398607297366999	0.000954579440649256	0.000185135994462019
Visa_cadelantosefectivo	0.0000392574298166011	0.0000384393495401474	0.0000643951285085283
mtarjeta_visa_descuentos	0.0000374883627266531	0.00133854903177512	0.000249531122970547
minversion2	0.0000343357079211487	0.000465132435872576	0.0000804939106356604
Master_delinquency	0.0000309280345650045	0.000038444080614652	0.000104642083826359
Visa_madelantodolares	0.0000277927312775737	0.0000303220873100781	0.000104642083826359
mcaja_ahorro_adicional	0.0000133019606023237	0.000119757373530616	0.0000402469553178302
Visa_Finiciomora	0.00000812247763860923	0.000341030989731813	0.0000563457374449623
cseguro_auto	0.0000076352693500129	0.000710935411760388	0.000112691474889925
