Feature	Gain	Cover	Frequency
ctrx_quarter	0.107757480192542	0.0193063945842372	0.0225765861685138
mcaja_ahorro	0.0428892156009837	0.0151891793589181	0.0231170046298537
mcuentas_saldo	0.0422053520786131	0.020979143406597	0.0271096484860217
cpayroll_trx	0.0409399938167752	0.00771028879430121	0.00292793882785656
mtarjeta_visa_consumo	0.0361820387257452	0.0102364323796905	0.0142202648857055
mpasivos_margen	0.036024034509632	0.0183789122329287	0.0226007840100663
mpayroll	0.0321866170709815	0.0143800750532716	0.00809014502573037
mprestamos_personales	0.0321246007131979	0.0230428120106258	0.00771911145525819
mcuenta_corriente	0.0256102557208368	0.015705743724973	0.0203503847456807
mrentabilidad_annual	0.0244801405052264	0.0285446396418107	0.0290777395989611
Visa_msaldototal	0.0186706789958177	0.00968840670561254	0.0155592121182791
Visa_mpagominimo	0.0186524137657462	0.0153208190822511	0.0206165610027586
cliente_edad	0.0182811847231715	0.0298598490785747	0.0316185129619771
ctarjeta_visa_transacciones	0.0178754405458597	0.016356309526204	0.0150349255513075
Master_fechaalta	0.0164093712858175	0.0184624450911619	0.0289406184968301
Master_Fvencimiento	0.0154115653551607	0.0175655589912542	0.0268192743873913
Visa_status	0.0152272152660527	0.00936619835252156	0.00212134410943877
ctarjeta_debito_transacciones	0.0150192519017269	0.0127497386131407	0.0125586797657649
Visa_fechaalta	0.0149778009863126	0.0147626528118895	0.0246817983835842
Visa_Fvencimiento	0.0142199373241876	0.0180962157038664	0.0261901305070254
cprestamos_personales	0.0141171881428751	0.0120552126660816	0.00519446998661053
mactivos_margen	0.0141120063739086	0.0219943580212076	0.0213263643549662
mrentabilidad	0.0135254943096358	0.0162067449589223	0.022044233654358
Visa_msaldopesos	0.012905922271968	0.0141782190435604	0.0172691929213248
numero_de_cliente	0.0126116231098318	0.0219877407481762	0.0246576005420317
Visa_mpagospesos	0.0124956499669375	0.0138682773321861	0.0198502960202617
mautoservicio	0.0123347034418386	0.0134942009159462	0.0161883559986449
cliente_antiguedad	0.0119727763016654	0.0183032961255633	0.0223346077529884
Master_status	0.0119011891399897	0.00424388481662169	0.00145993644033619
mcomisiones_otras	0.011793788422747	0.0116186001014694	0.0191082288793173
Master_mfinanciacion_limite	0.0113768300182203	0.0147844555828992	0.0215683427704915
chomebanking_transacciones	0.0113620897382984	0.0188846640221728	0.0223749374889093
mtransferencias_recibidas	0.0111108652796416	0.014722223876409	0.0187452612560293
Visa_mfinanciacion_limite	0.0101149297032503	0.0127807696012394	0.019366339189211
cproductos	0.0100208430418714	0.00983594492034694	0.01025181887109
mcomisiones	0.0100158816468387	0.0136150750695569	0.0193824710835793
Visa_mconsumospesos	0.00949103459952727	0.00990667165953877	0.0189227120940812
ctarjeta_master	0.00918392969328733	0.000384685821473486	0.000556550355708271
mcomisiones_mantenimiento	0.00899641452285446	0.0133205122477398	0.0106793140718515
Master_mlimitecompra	0.00848724036562254	0.0114871891039028	0.0165190598331962
ccomisiones_mantenimiento	0.00829733799681934	0.00927521092721051	0.00497668941263773
Visa_mlimitecompra	0.0080260246991329	0.0119193363105894	0.015284969914017
Visa_mconsumototal	0.00789621695235139	0.00675932529808422	0.0131797576989466
ccomisiones_otras	0.00784580684220967	0.0180921595284497	0.01324428527642
mtransferencias_emitidas	0.00770283909395629	0.0165399498158885	0.0145832325089935
Visa_cconsumos	0.00744410424029616	0.00954360215813998	0.014833276871703
mcaja_ahorro_dolares	0.0074274519131157	0.0124919637280888	0.0138008356321283
mttarjeta_visa_debitos_automaticos	0.00634279925691142	0.00956505978985545	0.0123247672974237
mcuenta_debitos_automaticos	0.00620283416219422	0.0141698625082538	0.0088806078497798
ccaja_seguridad	0.00609522232891591	0.0134903684185547	0.00238752036651664
ctarjeta_visa	0.00582805901330443	0.000478456445005429	0.000508154672603204
ctransferencias_recibidas	0.00540096086403548	0.0077307636939312	0.0102276210295375
Master_msaldototal	0.00467135406606669	0.0080292700634428	0.0074610011453645
mpagomiscuentas	0.00451059084162858	0.0137889845764342	0.00919517978996273
ccajas_consultas	0.00450177455619259	0.0111467416849827	0.00256497120456855
Master_msaldopesos	0.0043303307043304	0.00703604687916362	0.00708190162770814
Visa_mconsumosdolares	0.00423906574268386	0.00710629408295579	0.00737227572633854
Master_mpagospesos	0.00418672579023091	0.0122193487998365	0.00805788123699366
ccallcenter_transacciones	0.00369673903431844	0.00868165967661165	0.00341189565890723
Master_mpagominimo	0.0036254534235516	0.00834048475201288	0.00663827453257836
mextraccion_autoservicio	0.00356745721888646	0.00582695042376398	0.00766264982496895
ctransferencias_emitidas	0.0033966204641723	0.0113524491211143	0.00684798915936699
internet	0.00312212096457472	0.00906241141490507	0.00277468583135718
ccaja_ahorro	0.00303102396981094	0.00888212093237426	0.00273435609543629
thomebanking	0.00296680375964835	0.00339627728870488	0.00358934649695914
cpagomiscuentas	0.00276507311962991	0.00450591810221614	0.00529126135282066
tcallcenter	0.00275939789490775	0.00258726920562211	0.00181483811644001
ctarjeta_visa_debitos_automaticos	0.00274059103120669	0.00630442192829722	0.00574295439513462
matm	0.00268059334783346	0.00479566411713721	0.00515414025068964
mtarjeta_master_consumo	0.00261559776534904	0.00437497591359939	0.00323444482085531
cdescubierto_preacordado	0.00249425198671829	0.00857883687595978	0.0020003549016761
cmobile_app_trx	0.0024745800193119	0.00269356516759951	0.00480730452176999
Master_fultimo_cierre	0.00232881348039033	0.00537078322581184	0.00441207310974528
ccuenta_debitos_automaticos	0.00229663825755403	0.0042388067891264	0.00416202874703577
Master_mconsumospesos	0.00227563499861728	0.00697810480611364	0.00492022778234848
ctarjeta_debito	0.00217593831891622	0.0034188772873165	0.00407330332800981
Visa_madelantodolares	0.00188603064044951	8.80518484072453e-05	9.67913662101341e-05
cextraccion_autoservicio	0.00186431714501866	0.00354989298366228	0.0040410395392731
Visa_fultimo_cierre	0.00173964025239432	0.00258620003097117	0.00352481891948572
Master_mconsumototal	0.00165736559608876	0.00454796515418665	0.00348448918356483
catm_trx	0.00163472679770897	0.00419184544576088	0.00333123618706545
tmobile_app	0.00151722181690032	0.00550220211047391	0.00113729855296908
Master_cconsumos	0.00146694284283539	0.00182106186534523	0.00258916904612109
mplazo_fijo_dolares	0.0013734338945679	0.00980357501893499	0.00224233331720144
ctarjeta_master_transacciones	0.00119633708780971	0.00290078629507817	0.00193582732420268
ccajas_transacciones	0.00115867976565261	0.00199662198354551	0.000814660665601962
Visa_mpagosdolares	0.00109705010222223	0.00363462531136218	0.00208101437351788
Visa_mpagado	0.000940167589108371	0.00402724775918376	0.00202455274322864
Visa_msaldodolares	0.000803401778790784	0.00393447721934715	0.00182290406362419
matm_other	0.000760953033846165	0.00368325083185479	0.00194389327138686
catm_trx_other	0.000737623278444292	0.00740274980766624	0.00216973979254384
mttarjeta_master_debitos_automaticos	0.000529536544501034	0.00603699607784337	0.00147606833470454
cplazo_fijo	0.000516066389691311	0.00193774986420725	0.000653341721918405
Master_mconsumosdolares	0.000447384070019105	0.000406331797026845	0.000879188243075384
active_quarter	0.000417694612513688	0.000629159593377554	0.000588814144444982
Master_mpagosdolares	0.000410587723635408	0.000387889244136705	0.00070980335220765
ccajas_otras	0.000349795960468474	0.00414288961371338	0.000838858507154495
cseguro_vida	0.000310722762949815	0.00269183663177404	0.000661407669102583
cseguro_vivienda	0.000291440158358535	0.00280411101205634	0.000830792559970317
tcuentas	0.000221605247824098	0.00426427769045964	0.000758199035312717
cseguro_accidentes_personales	0.000175815714783324	0.000602423601943914	0.000403297359208892
ctarjeta_master_debitos_automaticos	0.000138780233262936	0.000235585330884417	0.000233912468341157
Master_madelantopesos	0.000135366248348107	0.000178175163547473	0.000266176257077869
Visa_madelantopesos	0.000127563880254189	0.000125945555945876	0.00029844004581458
ccajas_extracciones	0.000117330633013435	0.00357607435454816	0.000693671457839294
Master_mpagado	0.000113937190412054	0.00144565347643598	0.00041136330639307
ccheques_depositados	0.000113826003000748	0.000562425617355483	8.87254190259562e-05
Visa_delinquency	0.000101155039166922	0.000446108311976751	0.000217780573972802
Master_msaldodolares	8.85146138242367e-05	0.000167322204808315	0.000161318943683557
Master_cadelantosefectivo	7.24462186946164e-05	2.12301678844474e-05	6.45275774734227e-05
cinversion1	6.526398103431e-05	0.00123632302416648	0.000193582732420268
mcheques_depositados	6.46504536793452e-05	0.000308495849047566	5.64616302892449e-05
cinversion2	6.45644597299688e-05	0.000927242268124857	0.000145187049315201
Master_delinquency	5.41595436324781e-05	5.48386587562961e-05	0.000129055154946845
mtarjeta_visa_descuentos	4.95035824411373e-05	0.00194369578767915	0.000371033570472181
Master_madelantodolares	4.79651596106724e-05	4.1011634087833e-05	0.000104857313394312
ctarjeta_visa_descuentos	3.23197845892153e-05	0.000895190689882808	0.000169384890867735
minversion2	2.50607668503432e-05	0.000360594215381889	5.64616302892449e-05
Visa_cadelantosefectivo	1.7736639190321e-05	1.61493010348171e-05	4.03297359208892e-05
cseguro_auto	9.96631388837601e-06	0.00112757165165256	0.000177450838051912
Visa_Finiciomora	9.3044743972945e-06	0.000564945071106563	9.67913662101341e-05
mcaja_ahorro_adicional	8.22667942654903e-06	4.43393573743838e-05	1.61318943683557e-05
