Feature	Gain	Cover	Frequency
ctrx_quarter	0.238544943911824	0.0291725876673315	0.0267367879077636
mcuentas_saldo	0.0537745899646001	0.0231757319704108	0.0296053841344563
mprestamos_personales	0.0406963441713467	0.0255468414329838	0.00959876429701004
mpayroll	0.0397799473752876	0.020838082845594	0.0121179802140414
mpasivos_margen	0.0371244153954738	0.017598079373974	0.0212202567025854
cpayroll_trx	0.0365301943357311	0.0126508086776881	0.00513037402081571
mtarjeta_visa_consumo	0.0348387307991813	0.00846200363995632	0.0133316170791806
mrentabilidad_annual	0.0269389123189185	0.0319024628251698	0.0363907175168254
mcaja_ahorro	0.0261339163690875	0.0127929854263379	0.0216799676363503
mcuenta_corriente	0.0231624818149541	0.0129269405768156	0.0208892648302747
Visa_status	0.0195749127955858	0.0208298942327707	0.00551653120517818
Visa_mpagominimo	0.0192070284349732	0.0187225625567125	0.0241072413666287
cliente_edad	0.018318639083785	0.0397560115755462	0.0420175793461072
mactivos_margen	0.0149226309961864	0.0203818646862721	0.0232981501232025
cproductos	0.0140003372580933	0.0129669627999467	0.0136074436394395
Master_status	0.0134100624463404	0.00781561559933195	0.00226177779412306
mrentabilidad	0.0129356480121028	0.015332355901584	0.0229119929388401
Master_fechaalta	0.0128719430653702	0.0215999861272419	0.032106211614137
ctarjeta_master	0.0128676109617156	0.000447086165524782	0.000827479680776728
Master_Fvencimiento	0.0121248895469801	0.0183313898558274	0.0271597219668273
Visa_fechaalta	0.0119270952841776	0.0118088675468478	0.0222500091942187
Visa_Fvencimiento	0.0110809009029087	0.0155895272725032	0.0248427788606524
mcomisiones_mantenimiento	0.00982878864673792	0.0124744580082379	0.0112169467838623
Visa_msaldopesos	0.00976939606157709	0.0137480893930812	0.0157956676841602
numero_de_cliente	0.00972486422055348	0.0218977800546391	0.0253944319811702
Visa_msaldototal	0.00933146803025608	0.00702807665440343	0.0103894671030856
Master_mfinanciacion_limite	0.00930903598833458	0.014333003738781	0.0215880254495973
chomebanking_transacciones	0.00900952028203719	0.0195262764171487	0.0246221176124453
cliente_antiguedad	0.00892374053709639	0.0176708873844795	0.0213489757640396
ctarjeta_visa_transacciones	0.00823635701151487	0.0138874387475887	0.0152072376889412
mtransferencias_recibidas	0.00823439023064106	0.0135478826199147	0.01888492515906
ccaja_seguridad	0.00759908023909093	0.0119106823232746	0.00308925747489978
cprestamos_personales	0.00706409638864852	0.012111952324182	0.00632562244860432
mcomisiones_otras	0.0070489933954772	0.00955277084848601	0.0167334779890405
ccajas_consultas	0.00697833855572314	0.0173418579810983	0.00503843183406274
Visa_mpagospesos	0.00691999785828618	0.011925054589474	0.0183700489132434
Visa_mfinanciacion_limite	0.00640497752516371	0.00918557794637495	0.0159611636203155
Visa_mconsumospesos	0.00612391415669697	0.00797217835807641	0.0157772792468096
mcaja_ahorro_dolares	0.00603166191787864	0.0133649739133803	0.0146923614431246
mtransferencias_emitidas	0.00586801645239492	0.0127529505588232	0.0160163289323673
Visa_cconsumos	0.00584702921370901	0.00844699695554962	0.0132764517671288
mautoservicio	0.00577044252744672	0.0116409990598247	0.0155750064359531
mcomisiones	0.00576147685139645	0.00930482492985202	0.0142694273840609
mcuenta_debitos_automaticos	0.00533205313977562	0.0165397741466454	0.0120628149019896
ccomisiones_otras	0.00529141559131477	0.0183620162023714	0.0133867823912324
ccomisiones_mantenimiento	0.00518677419087945	0.0160350207954399	0.00661983744621382
mttarjeta_visa_debitos_automaticos	0.00453013053638102	0.0084230693835777	0.011639880842926
Master_mlimitecompra	0.00427571615196117	0.00794173782899689	0.010959508660954
ccallcenter_transacciones	0.00415101340690732	0.0113908057394302	0.00467066308705086
ccaja_ahorro	0.00372328361167567	0.0176880897936003	0.00575558089073591
mpagomiscuentas	0.00365079587031801	0.0144391214539501	0.00932293773675113
Master_msaldototal	0.00358062602697393	0.00683315413410414	0.00601301901364422
internet	0.0035320330442772	0.013568459430211	0.00472582839910265
ctarjeta_debito_transacciones	0.00350019440902349	0.00957577098240268	0.0132764517671288
Master_mpagospesos	0.00338615341138607	0.00731073085648736	0.00825640837041668
ctransferencias_recibidas	0.00333008465393826	0.00894827365099848	0.00875289617888272
Visa_mlimitecompra	0.00330232375876569	0.00581821419500085	0.00858740024272737
tcallcenter	0.00326970364650471	0.00350382303957659	0.00233533154352543
Visa_mconsumosdolares	0.00313177348104992	0.0104196159176208	0.00873450774153213
cdescubierto_preacordado	0.00308027093580566	0.0133159802251493	0.00345702622191166
thomebanking	0.00290675287856828	0.00331622106767308	0.00399029090507889
Master_msaldopesos	0.00281008472661463	0.00441581680479152	0.00663822588356442
Master_mpagominimo	0.00273620854908187	0.00823345640491302	0.00617851494979957
ctransferencias_emitidas	0.00255604187187432	0.0121844315807119	0.00696921775587511
mextraccion_autoservicio	0.00234544956989658	0.00431792948388739	0.00627045713655254
cmobile_app_trx	0.00207434706414108	0.00391564511852526	0.00575558089073591
mplazo_fijo_dolares	0.00201329955117294	0.0110317239345729	0.00338347247250929
cpagomiscuentas	0.00192730327581505	0.00523516242199297	0.00483615902320621
ctarjeta_visa_debitos_automaticos	0.00189794217134552	0.00671859766721709	0.00522231620756868
Master_mconsumospesos	0.00166864179739229	0.00549607982901675	0.0045419440255967
matm	0.00164500060083879	0.00629754133989023	0.0042477290279872
ctarjeta_debito	0.00162115380022009	0.00456256257399682	0.00417417527858483
Master_fultimo_cierre	0.00160316053897444	0.00339342657492076	0.0036409105954176
Visa_mconsumototal	0.00156599537144703	0.00209662298259154	0.00389834871832592
ccuenta_debitos_automaticos	0.0014933055873643	0.00423972067228238	0.00369607590746938
mtarjeta_master_consumo	0.00145138289756164	0.00170001484599078	0.00176528998565702
cextraccion_autoservicio	0.00139020953227498	0.00316905198649235	0.00360413372071641
Visa_fultimo_cierre	0.000933413387138833	0.00159809781498293	0.00240888529292781
Visa_mpagado	0.000782518672778743	0.00448765339677687	0.00239049685557721
ccajas_transacciones	0.000761792399029671	0.00114244480463602	0.000643595307270788
Master_cconsumos	0.000637435845601303	0.00106505347992381	0.00156301717480049
catm_trx	0.000617364429234534	0.00360859990031971	0.0021330587326689
ccajas_otras	0.000534526404108914	0.00602750733223208	0.00143429811334633
Visa_mpagosdolares	0.000518314880313584	0.0046435811875582	0.00193078592181236
ctarjeta_master_transacciones	0.000425064780740182	0.000665231470844699	0.00110330624103564
catm_trx_other	0.000423306066193005	0.00363550275074746	0.00130557905189217
ctarjeta_visa	0.000421204076170123	0.000568505234216017	0.000367768747011879
cseguro_vida	0.000412363261506483	0.00332778298216029	0.00117685999043801
matm_other	0.000378226655483438	0.00159130558192271	0.00110330624103564
Visa_msaldodolares	0.000368278872193812	0.00134514197163201	0.000919421867529697
Master_mconsumototal	0.000367383770057108	0.000725965744201867	0.000974587179581479
cplazo_fijo	0.000262846657310884	0.00158429069775854	0.000514876245816631
mttarjeta_master_debitos_automaticos	0.000254856894956833	0.00523921302281755	0.00134235592659336
Master_mpagosdolares	0.000204008741978657	0.000159544084514238	0.000404545621713067
cseguro_vivienda	0.000194912441023277	0.00163933005065672	0.000625206869920194
ccajas_extracciones	0.000153338006085734	0.00460074256540105	0.000992975616932073
active_quarter	0.000141609139514902	0.000575797195309563	0.000422934059063661
Master_msaldodolares	0.000120897155938238	0.000138955729345866	0.000110330624103564
cseguro_accidentes_personales	0.000118839204786668	0.000247136678078371	0.000257438122908315
Master_mconsumosdolares	0.000100965909517408	0.000114046843249102	0.000386157184362473
tcuentas	0.0000971982756418668	0.00161579390482312	0.000330991872310691
ctarjeta_master_debitos_automaticos	0.0000729488026295831	0.0000289583874097202	0.0000919421867529697
Master_madelantopesos	0.0000644977115891298	0.0000131743482845094	0.0000551653120517818
Master_mpagado	0.0000369400983853297	0.0000623901378636339	0.000110330624103564
Visa_delinquency	0.0000256391524965372	0.00000395549306906382	0.0000183884373505939
Master_cadelantosefectivo	0.0000181046147167146	0.0000166053743086967	0.0000367768747011879
Master_madelantodolares	0.000011545599213078	0.00000533538015778519	0.0000183884373505939
Master_delinquency	0.000011028152276665	0.0000261348415580577	0.0000735537494023758
ctarjeta_visa_descuentos	0.00000964301278304259	0.000718130624365829	0.000147107498804752
Visa_madelantopesos	0.00000659994179958603	0.0000670663608025439	0.0000551653120517818
