Feature	Gain	Cover	Frequency
ctrx_quarter	0.110159827910303	0.0215103918757986	0.0204974378202725
mcaja_ahorro	0.0770805261060987	0.0120538117925427	0.0119985001874766
cpayroll_trx	0.0630640888016226	0.0296067799270859	0.0181227346581677
mpasivos_margen	0.0564324667956359	0.0239210082370463	0.0214973128358955
mpayroll	0.0513216350372609	0.0344052547920524	0.0201224846894138
mprestamos_personales	0.0455372273256202	0.0506587969093284	0.0303712035995501
mtarjeta_visa_consumo	0.0327711270769198	0.00803527995095396	0.00899887514060742
ctarjeta_visa_transacciones	0.0316791194313347	0.00762099134320849	0.00824896887889014
mcuentas_saldo	0.0314990056223876	0.0361038825243976	0.0338707661542307
cprestamos_personales	0.026746030906419	0.0225865123338379	0.0207474065741782
Master_status	0.0258825289785288	0.0164088184507966	0.0127484064491939
Visa_msaldopesos	0.0253833188527403	0.00636992004631058	0.011498562679665
Visa_msaldototal	0.0253291546041359	0.00828702595983708	0.013623297087864
mautoservicio	0.0236946584078168	0.013152957362511	0.0113735783027122
mcuenta_corriente	0.0228294411547807	0.0121831613949352	0.021997250343707
ctarjeta_debito_transacciones	0.0213859147708546	0.0127221249438266	0.0116235470566179
Visa_mpagominimo	0.0198599887541683	0.0240260056185183	0.0312460942382202
cproductos	0.0170686796414449	0.0145208173050052	0.0187476565429321
Visa_status	0.0149756870099275	0.0253247948067296	0.0162479690038745
mrentabilidad_annual	0.0126944330863548	0.0326084713908731	0.0271216097987752
mcomisiones_mantenimiento	0.012368033922182	0.00828729474140499	0.0111236095488064
Visa_cconsumos	0.011895419062035	0.00890701951561572	0.0149981252343457
ccomisiones_mantenimiento	0.0116675968279054	0.0226511634639302	0.0169978752655918
ccaja_seguridad	0.0105871145739666	0.0364157439744143	0.0198725159355081
ctarjeta_visa	0.00928938301772001	0.00347182555093968	0.00624921884764405
ctarjeta_master	0.0086658507082965	0.00178169498134386	0.00337457817772778
mcomisiones	0.00821230777354293	0.00577302643369287	0.0138732658417698
cextraccion_autoservicio	0.00775369242576917	0.00369173774287251	0.00499937507811524
mtransferencias_recibidas	0.00746723563973095	0.00620058460418629	0.00924884389451319
mcomisiones_otras	0.00731354306019596	0.00627890846937837	0.0119985001874766
mcuenta_debitos_automaticos	0.00714128867909949	0.027618639321229	0.0184976877890264
Visa_mpagospesos	0.00713240316498309	0.00389128973103557	0.00962379702537183
ccajas_consultas	0.00696086292450307	0.0263795761463115	0.016747906511686
mactivos_margen	0.00679367469572317	0.020166326737905	0.0226221722284714
ccomisiones_otras	0.00656541718574844	0.00787982646594544	0.00962379702537183
cliente_edad	0.00627064908503624	0.0172913169140151	0.0249968753905762
Visa_mconsumospesos	0.0059684049427004	0.00265851848827607	0.00712410948631421
Visa_mconsumosdolares	0.00563180181008455	0.00192032976517352	0.005249343832021
Visa_fechaalta	0.00558629195761419	0.0104099116526287	0.0192475940507437
mrentabilidad	0.00511503590585318	0.0163401371243536	0.0163729533808274
ccallcenter_transacciones	0.00508591002414161	0.015516926377213	0.013623297087864
tcallcenter	0.00434177615847043	0.00878744836992424	0.00962379702537183
internet	0.00411729606301458	0.0171623017614145	0.0139982502187227
ctransferencias_recibidas	0.00410801823677758	0.010268349287744	0.00937382827146607
ccaja_ahorro	0.00370019995385361	0.0215855025795196	0.0159980002499688
Visa_mpagado	0.00363528937743279	0.00212815442239004	0.00312460942382202
mextraccion_autoservicio	0.00356170822336704	0.00471307715760059	0.00624921884764405
Master_fechaalta	0.00347986670825621	0.0126310629703504	0.0146231721034871
cdescubierto_preacordado	0.00340183839339298	0.0207288880867252	0.013623297087864
Master_Fvencimiento	0.00337296006613554	0.0113676017594722	0.0133733283339583
mcaja_ahorro_dolares	0.00326776414060312	0.00853307105057793	0.010498687664042
ctarjeta_master_transacciones	0.00308394705293349	0.00188990399711881	0.00274965629296338
ccajas_transacciones	0.00308165604447331	0.00472237455638175	0.0058742657167854
mtransferencias_emitidas	0.00305041033610345	0.00631496643301536	0.011498562679665
matm	0.00294772138327792	0.00301462657674331	0.00437445319335083
catm_trx	0.00272623729173876	0.00205943644391503	0.0032495938007749
Visa_mpagosdolares	0.00260138135620633	0.00133773197219945	0.00187476565429321
thomebanking	0.00250902572079384	0.00934403238319426	0.00949881264841895
ccuenta_debitos_automaticos	0.00243789833308593	0.00695786292728301	0.0058742657167854
mpagomiscuentas	0.00232775655253262	0.00909737184374959	0.00987376577927759
Master_msaldopesos	0.0022907275817865	0.00291715049766908	0.00562429696287964
tmobile_app	0.0022704494595988	0.0186512936152957	0.010498687664042
Master_msaldototal	0.00213117185556319	0.00378327924710056	0.00712410948631421
Master_mpagominimo	0.00202448904351263	0.00618855204751797	0.00712410948631421
Visa_Fvencimiento	0.0019213275684712	0.00718924415089235	0.00974878140232471
Master_mfinanciacion_limite	0.00190550157994938	0.00868483337053158	0.0107486564179478
chomebanking_transacciones	0.00188692123707329	0.00929300970032984	0.0112485939257593
ctransferencias_emitidas	0.00185763808478666	0.00430456124489335	0.00774903137107862
Master_msaldodolares	0.00167431914742412	0.000572445180113171	0.000874890638670166
Visa_mconsumototal	0.00166062343668631	0.00148839625836143	0.00387451568553931
mplazo_fijo_dolares	0.00143304242718456	0.0136126792182426	0.00899887514060742
mtarjeta_master_consumo	0.00132610531328444	0.00362023879147035	0.00437445319335083
numero_de_cliente	0.00125076655307641	0.00386245221770038	0.00724909386326709
cliente_antiguedad	0.00119660629545815	0.00285088515100132	0.00599925009373828
cpagomiscuentas	0.00116891117999723	0.00121585022132467	0.00274965629296338
Master_mpagospesos	0.00112723055517578	0.00294658666086009	0.00512435945506812
Visa_mlimitecompra	0.00108916406345609	0.00467166036145324	0.00674915635545557
Visa_mfinanciacion_limite	0.0010550937244753	0.00321091500689136	0.00699912510936133
Master_mlimitecompra	0.000950885774804223	0.00372065161460768	0.00674915635545557
mttarjeta_visa_debitos_automaticos	0.000690816975824787	0.00276183598494851	0.00437445319335083
tcuentas	0.000625509887229416	0.00866196097540257	0.00549931258592676
catm_trx_other	0.000557120653101131	0.00197779862416396	0.00274965629296338
Master_mpagosdolares	0.000506274784791692	0.000186283952583107	0.000624921884764405
cmobile_app_trx	0.000494271320716542	0.00318259978501201	0.00312460942382202
mcheques_depositados	0.000485669843675788	0.00677938127600952	0.00387451568553931
Master_mconsumospesos	0.000480292291325923	0.00102069953133627	0.00187476565429321
ctarjeta_visa_debitos_automaticos	0.00046124356566387	0.00112811594691946	0.0026246719160105
cplazo_fijo	0.000404974135915089	0.00336416478847656	0.00237470316210474
active_quarter	0.000377054372243237	0.000604839467719277	0.000999875015623047
Visa_msaldodolares	0.000325814005382845	0.00108757116369985	0.00162479690038745
Master_mconsumototal	0.000305826502225007	0.00056095629525268	0.00137482814648169
Master_fultimo_cierre	0.000303088629102243	0.00195780188637807	0.00224971878515186
ccheques_depositados	0.00029570838644265	0.0053980165868954	0.00274965629296338
minversion2	0.000287269437268274	0.00693650853714554	0.00349956255468067
mcheques_emitidos	0.000278910564476423	0.0036351271522978	0.00187476565429321
cseguro_vida	0.000258467573882371	0.00409057293763071	0.00249968753905762
Visa_delinquency	0.000238840264019041	0.000442148733560964	0.00112485939257593
matm_other	0.000231374742643819	0.00109697699140897	0.00149981252343457
Master_madelantodolares	0.000206273280323135	0.0000785559947280084	0.000374953130858643
cprestamos_prendarios	0.000199354033385796	0.00539434832936052	0.00274965629296338
Visa_fultimo_cierre	0.000197713007210995	0.00064988481503352	0.00124984376952881
mttarjeta_master_debitos_automaticos	0.000174485208613776	0.00188289429600095	0.00162479690038745
Master_mconsumosdolares	0.000136069613826993	0.000240513688246545	0.000749906261717285
Master_cconsumos	0.000121958206532282	0.000154030164432958	0.000624921884764405
ccajas_otras	0.000113818032866459	0.00188453905593645	0.00112485939257593
ccheques_emitidos	0.0000984618719083592	0.00146085683782584	0.000749906261717285
Visa_madelantopesos	0.0000955689735651493	0.00000937375718113718	0.000124984376952881
Master_delinquency	0.0000479116657530409	0.000173443524043029	0.000249968753905762
ctarjeta_master_debitos_automaticos	0.0000234144763488237	0.000174877534794591	0.000124984376952881
Master_mpagado	0.0000232641554380867	0.000735969747999229	0.000374953130858643
ctarjeta_debito	0.0000216584719268222	0.0000205434639297259	0.000249968753905762
Master_madelantopesos	0.0000216461884829474	0.00000618044889411244	0.000124984376952881
mprestamos_prendarios	0.0000184743290499663	0.000249362099635843	0.000124984376952881
cseguro_vivienda	0.000014439897632483	0.000138772228949618	0.000124984376952881
mtarjeta_visa_descuentos	0.0000120084069148343	0.000148222344530732	0.000124984376952881
cinversion2	0.00000868654385564438	0.000223945442619605	0.000124984376952881
cinversion1	0.00000800008518111891	0.000237789220535377	0.000124984376952881
ctarjeta_visa_descuentos	0.00000776167985299735	0.000195482085444298	0.000124984376952881
