Feature	Gain	Cover	Frequency
ctrx_quarter	0.0964156934740462	0.0215488995411655	0.0199975003124609
mcaja_ahorro	0.0753167370490871	0.0130174149333798	0.0138732658417698
mpayroll	0.0568768252860001	0.035776313858542	0.0214973128358955
cpayroll_trx	0.0493783325973233	0.0268253615767107	0.0161229846269216
mpasivos_margen	0.0477749391165161	0.0196403393276952	0.0172478440194976
mcuentas_saldo	0.046168755891842	0.0347822139912908	0.032495938007749
mprestamos_personales	0.0435318273771742	0.0471148798282391	0.0286214223222097
mtarjeta_visa_consumo	0.0347601838145603	0.00691590406454473	0.00949881264841895
ctarjeta_visa_transacciones	0.0305621644598317	0.00727941819510675	0.00774903137107862
mautoservicio	0.0292172076623476	0.0155759583561323	0.0133733283339583
cprestamos_personales	0.0288439636898869	0.0276033574219979	0.0226221722284714
Visa_mpagominimo	0.0282567144811131	0.0296170211085235	0.0343707036620422
cproductos	0.0275820984286203	0.0139903286704551	0.0177477815273091
Visa_msaldototal	0.0217418211617696	0.00929055608956769	0.0151231096112986
Visa_status	0.0196720331986898	0.0269173660326719	0.0172478440194976
Master_status	0.0189369394811716	0.0183129707360068	0.0128733908261467
ctarjeta_debito_transacciones	0.0154593724102943	0.0113194981473071	0.0118735158105237
mcomisiones_mantenimiento	0.0146857967822707	0.0095078795120511	0.0131233595800525
ccomisiones_mantenimiento	0.0137701212387355	0.0220098329375046	0.0166229221347332
mcuenta_corriente	0.012432129904987	0.0139117589864244	0.0251218597675291
mtransferencias_recibidas	0.0120711901688861	0.0048520435038213	0.00774903137107862
mextraccion_autoservicio	0.0114416889747004	0.00643212865622309	0.00899887514060742
mrentabilidad_annual	0.0109805657578465	0.0297144083249752	0.0239970003749531
ccaja_seguridad	0.0100704693218553	0.0336241970867582	0.0184976877890264
Visa_msaldopesos	0.00972698408348512	0.0064990262812144	0.0124984376952881
Visa_mpagospesos	0.00945834074180765	0.00313230112722529	0.00949881264841895
Visa_cconsumos	0.00903034504728947	0.00673050024389308	0.0118735158105237
mactivos_margen	0.00844182003200174	0.0163219064022866	0.0186226721659793
ctarjeta_master	0.00818565863963956	0.00395275164541503	0.00562429696287964
Visa_mconsumospesos	0.0078766825299739	0.00158022098049468	0.00687414073240845
cextraccion_autoservicio	0.00779386598997513	0.00369667295786274	0.00612423447069116
ccajas_consultas	0.00732225636249245	0.0247187655299489	0.0158730158730159
ctarjeta_visa	0.00720278203606485	0.00353221260820976	0.00574928133983252
active_quarter	0.00712236364839525	0.00196940204213997	0.00249968753905762
Visa_fechaalta	0.00647491782155546	0.00888431562991736	0.0172478440194976
Visa_madelantodolares	0.00632108847418129	0.0000261476709626351	0.000124984376952881
mcuenta_debitos_automaticos	0.00628394507261174	0.0239528477018214	0.0162479690038745
ccallcenter_transacciones	0.00567702086667382	0.0175157834495035	0.0147481564804399
mrentabilidad	0.00557791673685809	0.0143483394740171	0.0148731408573928
cliente_edad	0.00557054725374069	0.0158197438381979	0.0212473440819898
Visa_mpagosdolares	0.00484982568841637	0.00229378699883804	0.00224971878515186
ccomisiones_otras	0.00461676338859878	0.00985484703381274	0.0109986251718535
Visa_madelantopesos	0.0046116846170769	0.000339764054362841	0.000749906261717285
internet	0.00456938902599026	0.0215692203395585	0.0152480939882515
ctransferencias_recibidas	0.00424419966806378	0.00962405221159857	0.00974878140232471
Master_Fvencimiento	0.00412146844024887	0.0125398616726397	0.0137482814648169
mpagomiscuentas	0.00388119301164796	0.00809338559263757	0.0078740157480315
Visa_mpagado	0.00386524913211681	0.00272801872873442	0.00399950006249219
Visa_mconsumosdolares	0.00370977047545351	0.00226890909162028	0.00449943757030371
Master_fechaalta	0.00359564657324932	0.0134403408822401	0.0179977502812149
cdescubierto_preacordado	0.00354673879861724	0.0176678407102687	0.0118735158105237
tcallcenter	0.00352443305908391	0.00815080882660945	0.0078740157480315
ccaja_ahorro	0.00348816185203328	0.0211246900931352	0.0148731408573928
mcomisiones	0.00342064593930439	0.0056274189352264	0.0108736407949006
matm	0.00324554905784442	0.00246719368872233	0.00349956255468067
Master_mfinanciacion_limite	0.0032364581670583	0.00818698335791321	0.00949881264841895
mcaja_ahorro_dolares	0.00323215493685341	0.00854136190460887	0.0102487189101362
mtarjeta_master_consumo	0.00312416724151722	0.0034930605419706	0.00449943757030371
mtransferencias_emitidas	0.00298917933166536	0.0086002548290691	0.0127484064491939
catm_trx	0.00289679265944344	0.0019799432178441	0.00362454693163355
mcomisiones_otras	0.00287923794401877	0.00532959981687809	0.0102487189101362
ccajas_transacciones	0.00268492465816223	0.00508161129472432	0.00612423447069116
thomebanking	0.0026249766915976	0.0105314388138784	0.0111236095488064
cpagomiscuentas	0.00257723236860835	0.00218515046920907	0.00362454693163355
Master_msaldototal	0.0023913579395153	0.00418814936120437	0.00799900012498438
Visa_Fvencimiento	0.00238593465030005	0.00597572795017523	0.0106236720409949
tmobile_app	0.00232379487361778	0.0200360706609666	0.0112485939257593
ccuenta_debitos_automaticos	0.00229534044101253	0.00813916576457863	0.00724909386326709
ctarjeta_master_transacciones	0.00227027954128651	0.00230555062737829	0.0032495938007749
ctransferencias_emitidas	0.00215649587156627	0.00353992276017983	0.00649918760154981
Visa_mlimitecompra	0.00209713861344473	0.00514701023221868	0.00699912510936133
chomebanking_transacciones	0.00203343906415663	0.00975736824786017	0.0112485939257593
Master_mpagominimo	0.00182785422868641	0.00731613451262377	0.00812398450193726
Master_msaldopesos	0.00165939149905698	0.00304702855573365	0.005249343832021
cliente_antiguedad	0.00145064263446754	0.00339833036720134	0.00837395325584302
Visa_mconsumototal	0.00144160103010584	0.00188929704281196	0.00387451568553931
Visa_mfinanciacion_limite	0.00140809437977219	0.00238621267450303	0.00762404699412573
numero_de_cliente	0.0013984761827181	0.00436259231260641	0.00887389076365454
mplazo_fijo_dolares	0.00122458916042162	0.013257238508376	0.00824896887889014
cmobile_app_trx	0.00118627541846452	0.0034166610551096	0.00449943757030371
Master_mlimitecompra	0.00113650062465438	0.00530957051472939	0.00862392200974878
mttarjeta_visa_debitos_automaticos	0.00105325137369183	0.00302479700708994	0.00474940632420947
Master_mpagospesos	0.00103852023279453	0.00291309900381647	0.00499937507811524
Master_fultimo_cierre	0.000848048420470864	0.00141136834711845	0.00199975003124609
tcuentas	0.000746143111064027	0.00970127277165036	0.00612423447069116
cplazo_fijo	0.000669993553504063	0.00471269456361321	0.00387451568553931
matm_other	0.000614648543831982	0.00222762803448678	0.0032495938007749
catm_trx_other	0.000483824565698398	0.00221322415200587	0.00299962504686914
Master_mconsumototal	0.000433941888638602	0.000636485864859506	0.00124984376952881
ccheques_depositados	0.000390551507282196	0.00624451343212634	0.0032495938007749
mcheques_depositados	0.000390303251835504	0.00600227242230814	0.0032495938007749
Master_cconsumos	0.000359362853253878	0.000500610461049644	0.00124984376952881
cseguro_vida	0.000277579662925192	0.00405464713362441	0.0026246719160105
Master_mconsumospesos	0.000265898768439475	0.000487545019439236	0.000999875015623047
Visa_msaldodolares	0.000257887950441296	0.000722281908664236	0.00124984376952881
ctarjeta_visa_debitos_automaticos	0.00023590077653897	0.00101091355376238	0.00162479690038745
minversion2	0.0002298071962578	0.00541329739295542	0.00274965629296338
mcheques_emitidos	0.000220263597430465	0.00290990933287081	0.00149981252343457
mttarjeta_master_debitos_automaticos	0.000188980414956979	0.00213275897930792	0.00149981252343457
cprestamos_prendarios	0.000171959283181656	0.00466802085647387	0.00237470316210474
Visa_fultimo_cierre	0.000148464638552705	0.000403139305888807	0.00112485939257593
ccheques_emitidos	0.000145257633819954	0.00221579267650422	0.00112485939257593
Master_mconsumosdolares	0.000116681144987545	0.0000611134848554111	0.000374953130858643
Visa_delinquency	0.0000933291349966244	0.000264617543504895	0.000374953130858643
Master_msaldodolares	0.0000768400899086785	0.000170229228205409	0.000374953130858643
ctarjeta_master_debitos_automaticos	0.0000725382382459767	0.000415090651905757	0.000499937507811524
ctarjeta_debito	0.0000518614103368699	0.000401153773879096	0.000499937507811524
Master_mpagosdolares	0.0000351706011799571	0.0000240034184848143	0.000124984376952881
ccajas_otras	0.0000337569444136267	0.000678240031080642	0.000374953130858643
Master_madelantopesos	0.0000317768354273757	0.0000129616628427981	0.000124984376952881
Master_madelantodolares	0.0000300383379150768	0.00000779561683751473	0.000124984376952881
Master_cadelantosefectivo	0.0000281634638816592	0.000198576093346364	0.000249968753905762
Master_mpagado	0.0000160054561152771	0.000482847504046544	0.000249968753905762
cinversion1	0.00000609317176126997	0.000224536046832293	0.000124984376952881
