Feature	Gain	Cover	Frequency
mcaja_ahorro	0.081497756387601	0.0137674078984751	0.0148731408573928
ctrx_quarter	0.0714275300437198	0.0215363860130268	0.0196225471816023
mpasivos_margen	0.0663467941030904	0.0258787678665862	0.0198725159355081
cpayroll_trx	0.0616316099553272	0.0289501754807907	0.0181227346581677
mpayroll	0.0567567975862085	0.0318366618279875	0.018872640919885
mcuentas_saldo	0.0439061103112011	0.0307688185432855	0.0297462817147857
mprestamos_personales	0.0376080114749626	0.0526526015724363	0.0313710786151731
cprestamos_personales	0.0341510941178405	0.0293372303253687	0.0224971878515186
ctarjeta_visa_transacciones	0.0339641442357001	0.00994591529338698	0.00974878140232471
Visa_msaldototal	0.0334515686693812	0.00742361060967307	0.0146231721034871
mtarjeta_visa_consumo	0.0317043785573924	0.00720255557990331	0.00887389076365454
Visa_msaldopesos	0.0264319465704287	0.0072113370317627	0.0117485314335708
Master_status	0.0245474288215381	0.0170298887828744	0.0127484064491939
ctarjeta_debito_transacciones	0.0242674272000036	0.0101189556836922	0.00874890638670166
Visa_status	0.0232208706014086	0.025784857258369	0.0166229221347332
mautoservicio	0.0209727724197294	0.0152148136102161	0.0128733908261467
Visa_mpagominimo	0.017523829545765	0.0250377855552168	0.0309961254843145
cproductos	0.0154211140737198	0.0157034573553702	0.0198725159355081
ccomisiones_mantenimiento	0.0153659152634154	0.0213706929672303	0.0171228596425447
mrentabilidad_annual	0.0132465312803915	0.0293558933662332	0.0246219222597175
Visa_mpagospesos	0.01309321802646	0.00458600934012205	0.0113735783027122
mcuenta_corriente	0.0128679672303385	0.0124865807824858	0.0233720784901887
ccaja_seguridad	0.010548360753981	0.0339319908938022	0.0202474690663667
ctarjeta_visa	0.00997105754410938	0.00298356438324004	0.00512435945506812
mcomisiones	0.00995696331448176	0.00619790066691855	0.0132483439570054
ctarjeta_master	0.00957069770423622	0.00310173845575846	0.00512435945506812
mcomisiones_mantenimiento	0.00905686710010054	0.0117239499968445	0.0143732033495813
mactivos_margen	0.00903108037213246	0.0182855819963813	0.020997375328084
ccajas_consultas	0.00861041741456497	0.0263021060804885	0.0184976877890264
mtransferencias_recibidas	0.00831205648949059	0.00521388088130258	0.00837395325584302
mcomisiones_otras	0.00741458421312723	0.00547319892278802	0.010498687664042
mextraccion_autoservicio	0.00621996576379944	0.00434742314135887	0.00724909386326709
mcuenta_debitos_automaticos	0.00608534574409164	0.0251519081611314	0.0169978752655918
Visa_fechaalta	0.00598189209445856	0.00997680678175554	0.0197475315585552
ccomisiones_otras	0.00592326880895649	0.00825369279847111	0.00924884389451319
internet	0.00570744120485489	0.0214790005625177	0.0156230471191101
ccallcenter_transacciones	0.00567749510890079	0.0169076269754946	0.0153730783652044
catm_trx	0.00549998789450889	0.00210749102151328	0.00337457817772778
cliente_edad	0.00530299136207602	0.0156929093371326	0.0211223597050369
Visa_cconsumos	0.00517760682121197	0.00619896755816149	0.0123734533183352
mtransferencias_emitidas	0.00477026071618815	0.00889803163975692	0.0133733283339583
Master_mfinanciacion_limite	0.00472227379426096	0.00696757505041159	0.00949881264841895
Visa_mconsumototal	0.00459707795349763	0.00206123539253992	0.00412448443944507
mrentabilidad	0.00436977866735193	0.0152463503713336	0.0158730158730159
cextraccion_autoservicio	0.00415229742763496	0.00343330286628432	0.00474940632420947
ccuenta_debitos_automaticos	0.00380120253961449	0.00899397780392914	0.0078740157480315
tcallcenter	0.00372361384548804	0.00890901185473031	0.00899887514060742
Master_fechaalta	0.00366967385384679	0.0124250577282611	0.0187476565429321
cdescubierto_preacordado	0.00358251253062789	0.0208835347094584	0.0134983127109111
ccaja_ahorro	0.00357318617753586	0.0208179405433237	0.0158730158730159
mtarjeta_master_consumo	0.00337610844203495	0.00347953129406452	0.00499937507811524
Visa_mconsumospesos	0.00334475202342195	0.00200053592999711	0.0058742657167854
Master_Fvencimiento	0.00328981946710561	0.0118849553703526	0.0144981877265342
active_quarter	0.0030677560873423	0.00150743421151912	0.00224971878515186
mpagomiscuentas	0.002884336870424	0.00824850039293181	0.00824896887889014
Visa_Fvencimiento	0.00282015017052735	0.00825568301910419	0.011498562679665
ccajas_transacciones	0.00261629439848495	0.00369346414475781	0.00474940632420947
mcaja_ahorro_dolares	0.00241828714968233	0.0109748744724627	0.011498562679665
thomebanking	0.00235571228383707	0.00956771443718348	0.00999875015623047
cmobile_app_trx	0.00234637796554261	0.00493233342029353	0.00499937507811524
tmobile_app	0.0022331967714332	0.0181005972599229	0.0101237345331834
Master_msaldopesos	0.00219966298485578	0.00333557200160515	0.00624921884764405
Visa_mconsumosdolares	0.00194043614358495	0.0020769017686243	0.00424946881639795
chomebanking_transacciones	0.00188354331037159	0.00814709585599826	0.0106236720409949
Master_mpagominimo	0.00186178388409829	0.00566730512602042	0.00612423447069116
Master_mpagospesos	0.00172009094283156	0.00270746622792794	0.00462442194725659
Master_msaldototal	0.00170228094655217	0.00341972342618649	0.005249343832021
cpagomiscuentas	0.00155140872779772	0.00158268480122663	0.0026246719160105
ctransferencias_recibidas	0.00148984716736771	0.00901043301461524	0.00824896887889014
ctransferencias_emitidas	0.00146457291547328	0.00492493620693065	0.00762404699412573
numero_de_cliente	0.00141078554414796	0.00409859115983769	0.00799900012498438
cliente_antiguedad	0.00136270510671477	0.00379026261298246	0.00837395325584302
matm	0.00133880868728515	0.00182732024311375	0.00299962504686914
mplazo_fijo_dolares	0.00124328260585259	0.0124728200011002	0.00799900012498438
Visa_mfinanciacion_limite	0.00117384815023536	0.00402292650752314	0.00862392200974878
ctarjeta_master_transacciones	0.00113258914735327	0.00137658891651902	0.00199975003124609
tcuentas	0.000812671358452927	0.00925695138354018	0.00624921884764405
Master_mconsumosdolares	0.000787206766880295	0.00010332222105153	0.000499937507811524
Visa_mlimitecompra	0.000776528821373313	0.00312189151753731	0.00612423447069116
cplazo_fijo	0.00070516388274558	0.00642918939002712	0.00462442194725659
Master_mlimitecompra	0.000685670867284307	0.00419484107066689	0.00574928133983252
ctarjeta_visa_debitos_automaticos	0.000637552116858512	0.000854968258187221	0.00212473440819898
mttarjeta_visa_debitos_automaticos	0.000560489967163607	0.00293949845031629	0.00424946881639795
Visa_mpagado	0.000524069067399196	0.00249878320751507	0.0026246719160105
Master_fultimo_cierre	0.000495560592019009	0.00174345443106061	0.00274965629296338
mcheques_depositados	0.00047211350591827	0.00654191113449379	0.00349956255468067
Master_mpagosdolares	0.000348598822857387	0.000245511924777917	0.000749906261717285
ccheques_depositados	0.000340758108563564	0.00602659208591138	0.00312460942382202
Visa_msaldodolares	0.000289194496335014	0.000696329388484325	0.00124984376952881
Visa_fultimo_cierre	0.000275592426549003	0.000593582926021408	0.00162479690038745
Master_cconsumos	0.000271028989263351	0.000436402342507517	0.000999875015623047
mcheques_emitidos	0.000270986922098034	0.00365985404825037	0.00187476565429321
Master_mconsumototal	0.000263329998252911	0.000640222394053838	0.00137482814648169
minversion2	0.000250511681117927	0.00589002245092791	0.00312460942382202
Master_mconsumospesos	0.000246466143734898	0.000486606678021674	0.00112485939257593
cseguro_vida	0.000228892061598716	0.00246048241636444	0.00187476565429321
catm_trx_other	0.000226117733067579	0.00120628980201367	0.00149981252343457
matm_other	0.000221568196720184	0.000938076970363989	0.00137482814648169
Visa_delinquency	0.000220847946056756	0.000323724422185379	0.000499937507811524
ccheques_emitidos	0.000185151739535371	0.00237966313794554	0.00124984376952881
Master_delinquency	0.000184152935499009	0.000274650447364877	0.000624921884764405
Visa_mpagosdolares	0.000178174582580934	0.00140952805026178	0.00149981252343457
mttarjeta_master_debitos_automaticos	0.000166215452848837	0.00201098269934903	0.00149981252343457
cprestamos_prendarios	0.000139966433271354	0.00384177865047802	0.00199975003124609
Master_msaldodolares	0.000138568056429763	0.000295920269240795	0.000624921884764405
Master_madelantopesos	0.0000955718051564271	0.0000314823587311549	0.000124984376952881
Master_cadelantosefectivo	0.0000726738986232462	0.000088687979129939	0.000249968753905762
cseguro_vivienda	0.0000454947369272141	0.000188451377409335	0.000374953130858643
Visa_cadelantosefectivo	0.000040649553377364	0.0000205565461440935	0.000124984376952881
ccajas_otras	0.000039568537782426	0.000950958246503976	0.000499937507811524
Master_mpagado	0.0000321889397553484	0.000194500620533264	0.000249968753905762
Visa_madelantopesos	0.0000296386164391729	0.0000753427715287856	0.000124984376952881
ctarjeta_master_debitos_automaticos	0.0000243088738996036	0.000112925753415399	0.000124984376952881
Visa_madelantodolares	0.0000209557909787331	0.00000827218507628963	0.000124984376952881
cinversion2	0.00001645160889694	0.000478364716493343	0.000249968753905762
cseguro_accidentes_personales	0.0000160191713316278	0.0000578372925511204	0.000124984376952881
Master_madelantodolares	0.0000103387090392503	0.0000104195681587536	0.000124984376952881
ctarjeta_debito	0.00000977850020599229	0.00000875727302102638	0.000124984376952881
