Feature	Gain	Cover	Frequency
ctrx_quarter	0.119992159597962	0.0211749741718889	0.0194975628046494
mcaja_ahorro	0.0611809361202872	0.0110326264288189	0.0129983752030996
mpayroll	0.0581282025090102	0.0325976309674994	0.0193725784276965
mpasivos_margen	0.0507000502038394	0.022219283551171	0.0176227971503562
mprestamos_personales	0.0450970525790863	0.0460901074159859	0.0281214848143982
cpayroll_trx	0.0431696486912591	0.0310682070829712	0.0176227971503562
mcuentas_saldo	0.0427041586377929	0.0339666586867792	0.0332458442694663
Visa_msaldopesos	0.031964443776747	0.00893201313948017	0.0131233595800525
Visa_mpagominimo	0.029314068492625	0.024291230110165	0.0291213598300212
mautoservicio	0.0282179928397911	0.0138218282420273	0.0128733908261467
ctarjeta_visa_transacciones	0.0277862158102902	0.00881577733896461	0.00824896887889014
cproductos	0.0257923494165511	0.0158912362356546	0.0213723284589426
cprestamos_personales	0.0248960824462792	0.025530803193056	0.0212473440819898
Visa_status	0.0243725793027488	0.0240122852292893	0.0153730783652044
mtarjeta_visa_consumo	0.0211424706181	0.00632552094746078	0.00949881264841895
mcuenta_corriente	0.0185295074908289	0.0108026186846242	0.0217472815898013
ctarjeta_visa	0.0182906462323209	0.00342625212381105	0.00574928133983252
ctarjeta_debito_transacciones	0.0182453603187287	0.0106975617197052	0.00949881264841895
ctarjeta_master	0.0159893813363228	0.00225237070902103	0.00449943757030371
mcomisiones_mantenimiento	0.0150212825176711	0.00916715900096362	0.011498562679665
mactivos_margen	0.0147670977834681	0.0198798240411026	0.0228721409823772
Visa_msaldototal	0.0138713107409814	0.0069036536715986	0.0118735158105237
Master_status	0.0138545976962019	0.0175147440791294	0.0128733908261467
mrentabilidad_annual	0.013713661383546	0.0313748840752309	0.0257467816522935
ccomisiones_mantenimiento	0.0128723547539447	0.0242867338763714	0.0184976877890264
Visa_mpagospesos	0.0104603432757637	0.00417856245004363	0.0101237345331834
ccaja_seguridad	0.0102931753577582	0.0372386270228524	0.0206224221972253
cextraccion_autoservicio	0.010105614979944	0.00362431968430236	0.00512435945506812
mextraccion_autoservicio	0.00878723319787127	0.00608698575816345	0.00912385951756031
mcomisiones	0.00845611495696997	0.00728863130227897	0.0143732033495813
mtransferencias_recibidas	0.00721791562000692	0.00480783392551075	0.00862392200974878
ccajas_consultas	0.00636731478463152	0.0251012870809997	0.0173728283964504
mcuenta_debitos_automaticos	0.00628446887781961	0.0250302057260692	0.0172478440194976
Visa_mconsumototal	0.00572470330717247	0.00187147460355781	0.00574928133983252
cliente_edad	0.00564388979499355	0.0174917338517939	0.0226221722284714
Visa_fechaalta	0.00554145464272593	0.0105627661857312	0.0202474690663667
internet	0.00536695105271257	0.0190656138858483	0.0149981252343457
ccallcenter_transacciones	0.00536667478590927	0.0161214925000625	0.0144981877265342
Visa_madelantodolares	0.00482483827168528	0.0000967917620044075	0.000249968753905762
ccomisiones_otras	0.00451813360971252	0.00817194074941475	0.00962379702537183
mpagomiscuentas	0.00439277115120015	0.00923066887504676	0.00937382827146607
Visa_mfinanciacion_limite	0.00438513638494118	0.00318084679905295	0.00812398450193726
Master_fechaalta	0.00407476141536847	0.0128919601338694	0.0172478440194976
tcallcenter	0.00405341387108658	0.00914131137414016	0.00974878140232471
mrentabilidad	0.00400605047095317	0.0162627282142821	0.015748031496063
Visa_cconsumos	0.00380477639123958	0.00585353989691052	0.0124984376952881
catm_trx	0.00375605885993033	0.00209285579949758	0.00349956255468067
matm	0.00363576350098226	0.00152592173158688	0.0026246719160105
ctransferencias_recibidas	0.00345053012626954	0.00955813313469931	0.00912385951756031
ccaja_ahorro	0.0033862621864465	0.0212070348040392	0.0152480939882515
ccajas_transacciones	0.00337200920392583	0.00446758230986408	0.00612423447069116
cdescubierto_preacordado	0.00336316695093482	0.0219044907730574	0.0134983127109111
Master_Fvencimiento	0.00333447522954694	0.0131962586504702	0.0159980002499688
Visa_Fvencimiento	0.00313081113065767	0.00709089001985881	0.0117485314335708
mcaja_ahorro_dolares	0.00299680926891381	0.00946944343657385	0.0107486564179478
ctransferencias_emitidas	0.00284101457311113	0.00420672299197894	0.00774903137107862
thomebanking	0.00275936279361899	0.010339828307966	0.0107486564179478
mcomisiones_otras	0.00241615852868321	0.00476736172271309	0.00874890638670166
tmobile_app	0.00225533672607178	0.0192111064616317	0.0106236720409949
Master_msaldopesos	0.0021658994073039	0.00537923068460958	0.00737407824021997
ccuenta_debitos_automaticos	0.00213557657408381	0.00847355585757995	0.00674915635545557
chomebanking_transacciones	0.00208997923062162	0.00988645273079072	0.0118735158105237
mtarjeta_master_consumo	0.00205888052571605	0.00367935852584665	0.00449943757030371
mtransferencias_emitidas	0.00202360110769161	0.0057743823973871	0.0101237345331834
cpagomiscuentas	0.00169618564366648	0.00203452520862799	0.00299962504686914
Master_mpagominimo	0.00168442628695365	0.00568934426926355	0.00637420322459693
cliente_antiguedad	0.00153929396400359	0.00344806396533388	0.00737407824021997
cmobile_app_trx	0.0014871601271541	0.00465881480216395	0.00512435945506812
Master_msaldototal	0.00148434059486405	0.00353117644297209	0.00574928133983252
mplazo_fijo_dolares	0.00137455321214076	0.015055365180602	0.00937382827146607
Visa_madelantopesos	0.0013599778261695	0.000114543423604453	0.000374953130858643
Master_mfinanciacion_limite	0.00135931255415909	0.00830555924287046	0.00962379702537183
numero_de_cliente	0.00131206020771356	0.00408301938776012	0.00837395325584302
ctarjeta_master_transacciones	0.0012090652180071	0.00145307481587885	0.00187476565429321
Master_mpagospesos	0.00107693667601156	0.00268406709043134	0.00499937507811524
Visa_mlimitecompra	0.000882460384255204	0.00418383473775409	0.0058742657167854
Visa_mconsumosdolares	0.000843022340099843	0.00145715786575988	0.00399950006249219
Master_mlimitecompra	0.000766403069150079	0.00508616131751354	0.00662417197850269
Visa_mconsumospesos	0.000750477999856793	0.00155317662317516	0.00562429696287964
Master_cadelantosefectivo	0.000715809310032817	0.000114910867600469	0.000499937507811524
Master_mconsumospesos	0.000621275079701477	0.000814522711350524	0.00237470316210474
Visa_mpagado	0.000573439603600607	0.00224723259173235	0.00349956255468067
mttarjeta_visa_debitos_automaticos	0.000538915728582713	0.00221389886523902	0.00387451568553931
cplazo_fijo	0.000533895661237138	0.00523710609134569	0.00374953130858643
active_quarter	0.000528972256731582	0.000916617254343075	0.00137482814648169
matm_other	0.000519054539069238	0.00172238534567234	0.00224971878515186
catm_trx_other	0.000475735362892746	0.00242736400629367	0.00287464066991626
Visa_delinquency	0.00044404607618119	0.000340294306235425	0.00137482814648169
Master_mpagosdolares	0.000443958002222173	0.000125359389196717	0.000749906261717285
Master_fultimo_cierre	0.000440534344731129	0.00182149917077191	0.00274965629296338
tcuentas	0.000438068430122463	0.00641689710334963	0.00412448443944507
mcheques_depositados	0.000418834067017274	0.00722806250482785	0.00374953130858643
Master_cconsumos	0.000378623318510286	0.000248360123365068	0.000874890638670166
Master_mconsumototal	0.00032594045504851	0.00056457388821845	0.000999875015623047
ccheques_depositados	0.000315825529386995	0.00498639493627167	0.0026246719160105
cseguro_vida	0.000251380349071422	0.0033012174880216	0.00237470316210474
minversion2	0.000234549781770445	0.00568404453760317	0.00287464066991626
Visa_msaldodolares	0.000227485477529707	0.00092344774854287	0.00124984376952881
mcheques_emitidos	0.000225397000990956	0.00318241720285335	0.00162479690038745
Visa_fultimo_cierre	0.000199956153513007	0.000784880196120077	0.00137482814648169
ctarjeta_visa_debitos_automaticos	0.000198869598361336	0.000642350042263073	0.00124984376952881
Visa_mpagosdolares	0.000186343200569061	0.00111120095785972	0.00137482814648169
cprestamos_prendarios	0.000181262517982699	0.00480151571837594	0.00249968753905762
mttarjeta_master_debitos_automaticos	0.000169740984169347	0.00261291102697054	0.00187476565429321
Master_mconsumosdolares	0.000169634697616105	0.00012841176629225	0.000249968753905762
Master_msaldodolares	0.000149303420281112	0.000438749476537149	0.000749906261717285
ccheques_emitidos	0.00014434269841228	0.00192947891635624	0.000999875015623047
Master_madelantodolares	0.000138520632698127	0.000184798410709883	0.000374953130858643
ccajas_otras	0.000112023570239697	0.00211472862757576	0.00112485939257593
Master_delinquency	0.0000854766286417298	0.000318424527485012	0.000374953130858643
ctarjeta_debito	0.0000626727872783335	0.000165262892365694	0.000499937507811524
mprestamos_prendarios	0.0000552625903674245	0.000746859652847695	0.000374953130858643
Master_mpagado	0.0000540847661839467	0.000947959769804051	0.000624921884764405
Master_madelantopesos	0.0000463999566162089	0.000117098760273841	0.000249968753905762
ctarjeta_master_debitos_automaticos	0.0000446904703957059	0.000317735379409497	0.000374953130858643
cseguro_vivienda	0.0000317281823638002	0.00052267460002547	0.000374953130858643
cinversion1	0.0000166232198707735	0.000454084545881241	0.000249968753905762
Visa_Finiciomora	0.0000146040244435177	0.000200467381444545	0.000124984376952881
