Feature	Gain	Cover	Frequency
ctrx_quarter	0.1373743646923	0.0211641143295126	0.0236626668161938
mcaja_ahorro	0.0569995053771874	0.0153215776283629	0.0240296879301029
mpayroll	0.0383159040651599	0.0177956510508039	0.00992996013742902
mcuentas_saldo	0.0382954887578093	0.0210702262177757	0.0257424531283452
mpasivos_margen	0.0379997593923062	0.0173778325668861	0.0212056643591913
mprestamos_personales	0.0320525317971475	0.0264612599745011	0.00860460611497956
cpayroll_trx	0.0320117936075567	0.00858097308075292	0.00337455524177516
mtarjeta_visa_consumo	0.0293206966837293	0.00979669147169494	0.0129884694200047
mrentabilidad_annual	0.0248632553110377	0.0292501288915204	0.0293412990508426
mcuenta_corriente	0.024314790415311	0.0144072649245662	0.0200026507080449
ctarjeta_visa_transacciones	0.0213341707966654	0.019082235658662	0.0162508793214187
Visa_mpagominimo	0.0183641748835117	0.0142579168875117	0.021501320256507
cliente_edad	0.0174416081642277	0.0303679306095722	0.031686156167484
cproductos	0.0171761441209728	0.0125047888393873	0.0123054023468961
Visa_msaldototal	0.0171034180995743	0.0106022009721535	0.0171582370752495
cprestamos_personales	0.0168503825228653	0.00918263338033511	0.00499556516154027
Visa_msaldopesos	0.0160520068341536	0.0139307368226891	0.0177393538389389
Master_Fvencimiento	0.0153935633893609	0.0165599449066237	0.0273634630481104
Master_fechaalta	0.014695492836899	0.0183941858600274	0.0290966183082366
mactivos_margen	0.0133946404809594	0.0229656940889624	0.0225208233506989
Visa_fechaalta	0.0132754723666689	0.0131041265562738	0.0237850071874968
Visa_Fvencimiento	0.0129753870887906	0.0162186518565578	0.02438651401307
mrentabilidad	0.0128144621059425	0.0147671955288563	0.0210731289569464
Visa_status	0.012234573816132	0.0102172816697905	0.00219193165251257
numero_de_cliente	0.0122121442686187	0.0217216010854465	0.0254366022000877
Master_status	0.0121784282403818	0.00497743013738561	0.00164139998164894
chomebanking_transacciones	0.0106245920964972	0.0171219662478517	0.0213891749161459
mcomisiones_otras	0.0105807835223753	0.0118052030525594	0.0189423674900853
mautoservicio	0.0105134504096439	0.0151740521596511	0.0174335029106813
cliente_antiguedad	0.0105079973795353	0.0155552754424579	0.0206041575336181
Master_mfinanciacion_limite	0.0101560646139787	0.0150720656583976	0.0218071711847645
Visa_mconsumospesos	0.0101247082739699	0.00903567763951583	0.0185243712214667
mtransferencias_recibidas	0.0100175504302084	0.0145031863478748	0.018738466871247
Visa_mfinanciacion_limite	0.00983158574629227	0.0124008118963825	0.0181573501075576
Visa_mpagospesos	0.00973734063121166	0.0132992667731834	0.0202983066053605
mcomisiones	0.00957823600331787	0.012172707592209	0.0183204706026283
mcomisiones_mantenimiento	0.00946774607971119	0.0124094631863856	0.0113266793764719
ctarjeta_debito_transacciones	0.00941570651754362	0.014024352490708	0.0147522097729567
ccomisiones_mantenimiento	0.0082309085636324	0.0110758511869334	0.00547473161581045
Master_mlimitecompra	0.00767809489806903	0.00982002868005403	0.0157003476505551
ccomisiones_otras	0.00733592287969679	0.0175596755270962	0.0127233986155148
mcaja_ahorro_dolares	0.00725834712497158	0.012799763652831	0.0138652420810097
mtransferencias_emitidas	0.00704808750224585	0.0150551733465785	0.0141405079164415
ccaja_seguridad	0.0067794796148357	0.0149107593453869	0.00279343847808578
Visa_mlimitecompra	0.00667083827954815	0.00989338214785422	0.0138856321428936
Visa_cconsumos	0.00647266502363595	0.00808595726869647	0.0132535402244946
mcuenta_debitos_automaticos	0.00635158709705977	0.0157531108489127	0.0102358110656866
mttarjeta_visa_debitos_automaticos	0.00578194070416294	0.0102296730511277	0.012448132780083
ctarjeta_master	0.00535167140332097	0.000360313628105299	0.000570921732747459
Visa_mconsumototal	0.00534926059083416	0.00561633830104431	0.0115407750262522
ccajas_consultas	0.00508749753365989	0.0124794527755739	0.00310948443728527
ctarjeta_visa	0.00452100637995561	0.000556442655450071	0.00056072670180554
ctransferencias_recibidas	0.00430570491384502	0.00816813951556892	0.00901240735265632
mpagomiscuentas	0.00421193320911058	0.013498592206384	0.00872694648628259
ccallcenter_transacciones	0.0040699446184775	0.0092729937465769	0.00381294157227767
Master_msaldopesos	0.0040484474071484	0.00654896643443393	0.00743217755665889
Master_msaldototal	0.00395215091984804	0.00769459707631864	0.00708554650463364
Visa_mconsumosdolares	0.00390832644774175	0.00850638359990872	0.00794192910375483
Master_mpagospesos	0.00361908056361749	0.0119500313284634	0.00745256761854272
mextraccion_autoservicio	0.00353343850958197	0.0054148016665504	0.0078705638871614
ctransferencias_emitidas	0.00332949882265927	0.0124111587478774	0.00713652165934324
Master_mpagominimo	0.00326762464209196	0.00847049234528668	0.00662677011224729
ccaja_ahorro	0.00306981754349597	0.0104018510704429	0.00320123971576254
internet	0.00298052023670225	0.00976619380138361	0.0031808496538787
cdescubierto_preacordado	0.00296069428949796	0.00957105879295689	0.00222251674533832
thomebanking	0.00276342152515592	0.00287960469467835	0.0035580657987297
tcallcenter	0.00261749560103192	0.00306330908652621	0.00195744594084843
matm	0.00245873411777503	0.00552050421998652	0.00552570677052005
ctarjeta_visa_debitos_automaticos	0.00235672927432345	0.006144837446039	0.00543395149204278
Master_mconsumospesos	0.0023564199464314	0.0068206841700238	0.00540336639921702
cpagomiscuentas	0.00222034624843233	0.00434035095251003	0.00458776392386351
cmobile_app_trx	0.00218851932032605	0.00250186869146154	0.00460815398574735
mtarjeta_master_consumo	0.00213873206834712	0.00265117906717861	0.00252836767359589
Master_fultimo_cierre	0.00207364948892347	0.00435993284473897	0.00395567200546454
ctarjeta_debito	0.00201067402454766	0.00358894596987214	0.00402703722205797
cextraccion_autoservicio	0.00200491018657256	0.00371723571013788	0.00469990926422462
ccuenta_debitos_automaticos	0.00186545212872057	0.00512298760088767	0.00432269311937362
mplazo_fijo_dolares	0.00171233731168242	0.0121237670848013	0.00284441363279538
tmobile_app	0.00167224754771388	0.00708413804660367	0.00141710930092673
Visa_fultimo_cierre	0.00157368662718694	0.00232403506108336	0.00330319002518173
ctarjeta_master_transacciones	0.00153911900312256	0.00190159104374804	0.00166179004353278
ccajas_transacciones	0.00140550875672521	0.00192962269775923	0.000958332908540377
Master_cconsumos	0.00133389271530231	0.00182325866700199	0.00259973289018932
catm_trx	0.00126403741793674	0.0036288922287141	0.00298714406598224
Master_mconsumototal	0.00121696904364926	0.00439521671013095	0.00292597388033073
matm_other	0.000914969836205332	0.00370957763774783	0.002263296869106
Visa_mpagosdolares	0.000869925196534409	0.00335758315870118	0.00177393538389389
Visa_mpagado	0.000808286134558404	0.0039008848119371	0.00198803103367419
catm_trx_other	0.000741531172093167	0.00579332815720185	0.00195744594084843
Visa_msaldodolares	0.000730752461450437	0.00358487493955115	0.00162100991976511
mttarjeta_master_debitos_automaticos	0.000491309007117054	0.0054695792806155	0.00140691426998481
cseguro_vivienda	0.000378837373847585	0.00263836259351086	0.000978722970424215
ccajas_otras	0.000352902524394794	0.00514891943500789	0.00100930806324997
Master_mconsumosdolares	0.000327472646672489	0.000258632824729418	0.00065248198028281
cseguro_vida	0.000291750605631314	0.0035125515493964	0.000795212413469675
cplazo_fijo	0.000291311120410867	0.00141650460325393	0.000458776392386351
active_quarter	0.000248175834709636	0.000604678415063735	0.000458776392386351
Master_mpagosdolares	0.000235646629114031	0.000188460137336506	0.000479166454270189
tcuentas	0.000221788537907552	0.00390815585398663	0.000713652165934324
cseguro_accidentes_personales	0.000204161725214463	0.000607011414725097	0.000407801237676756
ccajas_extracciones	0.00014420375928111	0.00350121348355115	0.000713652165934324
ccheques_depositados	0.000136798613037793	0.000843956918199229	0.000132535402244946
Master_madelantopesos	0.000135068512137733	0.000042514441536341	0.000152925464128784
Master_mpagado	0.000127271361442283	0.000348257192280173	0.000316045959199486
Visa_delinquency	0.000118515603602242	0.000135182165677807	0.00018351055695454
Master_msaldodolares	0.0000967653372543637	0.000218380868009788	0.00018351055695454
mcheques_depositados	0.000092934999966515	0.000527656973384146	0.000101950309419189
ctarjeta_master_debitos_automaticos	0.000081844877610579	0.0001997685548948	0.000234485711664135
cinversion1	0.0000796243777681598	0.00189718426660991	0.000295655897315648
minversion2	0.0000679281190387331	0.000982509773581834	0.00018351055695454
cinversion2	0.0000524518967487448	0.00104672235399167	0.000163120495070703
Master_cadelantosefectivo	0.0000467782725140593	0.00000978834187304428	0.0000203900618838378
ctarjeta_visa_descuentos	0.0000433845790090008	0.00106859878323943	0.000203900618838378
Master_delinquency	0.0000372505914699165	0.0000890778775047145	0.000132535402244946
Visa_madelantopesos	0.000029765305869443	0.0000606996590581619	0.000132535402244946
Visa_madelantodolares	0.000016195556856583	0.0000599324094700616	0.0000815602475353513
Visa_cadelantosefectivo	0.0000125533571288203	0.0000318602895536963	0.0000407801237676756
Master_madelantodolares	0.0000115444855586188	0.0000131658426707915	0.0000305850928257567
mtarjeta_visa_descuentos	0.00000986359395999155	0.000250368965719413	0.0000509751547095945
Visa_Finiciomora	0.0000017886633535897	0.0000603158339378486	0.0000101950309419189
mforex_sell	0.000000868553052763492	0.0000381180813638997	0.0000305850928257567
cforex_sell	0.00000048488456852164	0.0000281738856580768	0.0000203900618838378
