Feature	Gain	Cover	Frequency
ctrx_quarter	0.216463783225057	0.0291637320834689	0.027954866395207
mcuentas_saldo	0.0508643435758598	0.0215102384145317	0.0292436145272077
mcaja_ahorro	0.0453229015990516	0.0138061330305286	0.0238692606150345
mprestamos_personales	0.0354232863698486	0.0249596318203449	0.00837686285800463
cpayroll_trx	0.0338552248121678	0.0108045651088879	0.00452432854851314
mpayroll	0.0311184289077742	0.0204769553390596	0.0105567666131973
mrentabilidad_annual	0.0291184594565898	0.0294266043719664	0.0359067165713816
mtarjeta_visa_consumo	0.0267409390141495	0.00968515650881672	0.0130382922716242
mcuenta_corriente	0.0239669684695427	0.0141670072262939	0.0221143695416718
mpasivos_margen	0.023376361322923	0.0152726085185724	0.0212369240049905
cliente_edad	0.0204259224236283	0.0342338497789282	0.0422133563662787
Visa_mpagominimo	0.0200316225613438	0.0153772682397587	0.0226627730020976
Visa_status	0.0172270881515046	0.0125235861149157	0.00272830721561853
Master_fechaalta	0.0151228250687257	0.0204218538750767	0.0321501528674646
mactivos_margen	0.0145251737405904	0.0231058248828683	0.0231700462029915
Visa_fechaalta	0.0143216507825015	0.0124969553563902	0.0243765338159284
Master_Fvencimiento	0.013655338509407	0.0159701442823196	0.0266249880036743
mrentabilidad	0.012922963455284	0.0145499707282142	0.0210724029668627
cproductos	0.0128223974184382	0.0154716777513145	0.0139020277217949
Visa_Fvencimiento	0.0128194393278412	0.0165219757372825	0.025706412207461
numero_de_cliente	0.0122980332999618	0.0227236324584113	0.0272008116371214
ctarjeta_visa_transacciones	0.0116285137064317	0.0179220605111595	0.0155609481895831
Visa_msaldopesos	0.0111035230218645	0.0149267308100273	0.015643208708647
cliente_antiguedad	0.0110075191333951	0.016258253324696	0.0217304871193737
chomebanking_transacciones	0.0109328072978794	0.0199179251725122	0.0252128490930778
Master_mfinanciacion_limite	0.010529480574169	0.014769588106482	0.022224050233757
ctarjeta_master	0.010454045367632	0.00026602023336993	0.000644374066000357
Master_status	0.0101480603164948	0.00381087213426407	0.00142584899710717
mcomisiones_mantenimiento	0.00956439452766884	0.0132711867302797	0.0108995187759635
mtransferencias_recibidas	0.00944782169449141	0.0131385276004993	0.0197013943157981
cprestamos_personales	0.00897956990879434	0.0101645325339623	0.00563484555587546
Visa_mpagospesos	0.00874901762716931	0.0127909834498802	0.0192900917204788
Visa_msaldototal	0.00824950256374358	0.00668939528270826	0.0104745060941335
mcomisiones_otras	0.00819836943489572	0.0106372467680006	0.0171650283113286
Visa_mfinanciacion_limite	0.00817083218740196	0.0107632714498462	0.0163424231206899
Visa_mconsumospesos	0.00778056514327989	0.00845016185584618	0.0168908265811157
mcaja_ahorro_dolares	0.0072171654304275	0.0135037617893997	0.0150262548156679
ccaja_seguridad	0.00708378477170229	0.0157742065885465	0.00350978214672535
mautoservicio	0.00695248643093171	0.0123888638184865	0.0154375574109873
mtransferencias_emitidas	0.00683268599463373	0.0148351530568406	0.015835149919796
ccomisiones_otras	0.00648862432839526	0.0190915558373853	0.013627825991582
Visa_cconsumos	0.00646572335834446	0.00876951618996127	0.0132576536557946
mcuenta_debitos_automaticos	0.00597639199602096	0.0169686945686935	0.0120648761293684
mcomisiones	0.00586683766454515	0.010471452187542	0.0134221746939223
ccomisiones_mantenimiento	0.00582221398166211	0.0116319938676602	0.004839660538258
ccajas_consultas	0.00515938803030307	0.0132278219502116	0.00390737465553408
mttarjeta_visa_debitos_automaticos	0.00491364094827357	0.00814640655304244	0.0108858086894528
Master_mlimitecompra	0.00467093135342805	0.00707607596463666	0.0100220732392821
ctarjeta_debito_transacciones	0.00456473748463705	0.0111733210984005	0.0141488092789866
Visa_mlimitecompra	0.00437260492113621	0.00557440185926573	0.00896639657796241
Master_mpagospesos	0.00415214245045058	0.0132955385596682	0.00933656891374985
internet	0.00385315264586666	0.0108840870087647	0.00394850491506601
ctransferencias_recibidas	0.00381621962560744	0.00804150422334414	0.00832202251196205
mpagomiscuentas	0.00375206010356197	0.013502541289611	0.00829460233894076
Visa_mconsumosdolares	0.00368827196327402	0.010821953377975	0.00888413605889853
ccallcenter_transacciones	0.00356630968577948	0.0099581795772267	0.00459287898106637
ccaja_ahorro	0.00355569058433131	0.0123530044906831	0.00431867725085345
tcallcenter	0.00337527581266318	0.00342843411840352	0.00267346686957595
Master_msaldototal	0.00333906871142606	0.00857934343123884	0.00604614815119483
Master_msaldopesos	0.00322486912410557	0.00517819531320256	0.00603243806468419
Master_mpagominimo	0.00310283681223013	0.0079097673041984	0.00604614815119483
thomebanking	0.00309629513974317	0.00262658266029428	0.00389366456902343
cdescubierto_preacordado	0.0028036508398809	0.0103172794496739	0.00256378617749078
ctransferencias_emitidas	0.00268363947262996	0.010715659529373	0.00638890031396098
cmobile_app_trx	0.00238718872181521	0.00328897996169378	0.00534693373915189
cpagomiscuentas	0.00230931364421121	0.00395216325501421	0.00462029915408766
mextraccion_autoservicio	0.00227439849784613	0.00461720041542711	0.0056759758154074
mplazo_fijo_dolares	0.00216449942189572	0.0126584043610228	0.00326300058953372
ctarjeta_visa_debitos_automaticos	0.00215125868772306	0.00569177366990073	0.00500418157638575
ctarjeta_debito	0.00213776766622155	0.00410330686652281	0.00441464785642797
Master_mconsumospesos	0.00205804909412298	0.00790807799328927	0.00525096313357737
matm	0.00189585171309925	0.00609872757418453	0.00431867725085345
Master_fultimo_cierre	0.00186565497801542	0.00489425088456543	0.00411302595319376
ctarjeta_visa	0.00180679927202676	0.000385029154312112	0.000315331989744855
tmobile_app	0.00178523891799534	0.00764863255002331	0.00170005072732009
Visa_fultimo_cierre	0.00177511581235015	0.00204545225032288	0.00357833257927858
Visa_mconsumototal	0.00177283500939663	0.00223228019333116	0.00393479482855537
ccajas_transacciones	0.00160177990983593	0.000870940197674443	0.000520983287404544
ccuenta_debitos_automaticos	0.00151480319769177	0.00428059552238439	0.00342752162766147
mtarjeta_master_consumo	0.00131897890835974	0.00182921647676485	0.00193312219800107
cextraccion_autoservicio	0.00126533258061483	0.00280470652578721	0.00308476946489532
Master_cconsumos	0.00098918050391853	0.00102321183933396	0.00204280289008624
catm_trx	0.000954775056697947	0.00513189536785863	0.00253636600446949
Visa_mpagado	0.000927271901416612	0.00508253348434832	0.0024815256584269
ctarjeta_master_transacciones	0.000875420783063701	0.00103309266756206	0.00126132795897942
catm_trx_other	0.000646135996385175	0.00569185868230964	0.00186457176544784
matm_other	0.000643671370106071	0.00186557941609	0.00156294986221363
Visa_mpagosdolares	0.000622941918279685	0.00404362517257935	0.00179602133289461
Visa_msaldodolares	0.000611821893926131	0.00384209505431626	0.0018234415059159
ccajas_otras	0.00054468638497517	0.00545440062973772	0.00115164726689425
mttarjeta_master_debitos_automaticos	0.000490507784886312	0.00685438796249108	0.00161779020825621
Master_mconsumototal	0.000431590869833053	0.00118020092396487	0.00105567666131973
cseguro_vida	0.000370776812914824	0.00387189762084655	0.00106938674783038
cseguro_vivienda	0.000299117954616084	0.00256394193794259	0.000877445536681337
cplazo_fijo	0.000294043566293949	0.00113236528662615	0.000438722768340668
Master_mconsumosdolares	0.000190642691792352	0.000141958294158045	0.000411302595319377
ccajas_extracciones	0.000165216313529017	0.00348174883035367	0.000781474931106815
cseguro_accidentes_personales	0.000140434187717432	0.00029950517950704	0.000274201730212918
tcuentas	0.000136074738646118	0.00385411561007611	0.00069921441204294
ctarjeta_master_debitos_automaticos	0.000134872168394492	0.000173660465451082	0.000191941211149042
active_quarter	0.0001304465612488	0.00042209506174366	0.000370172335787439
Master_mpagosdolares	0.000126439847087319	0.0000594982461137148	0.000205651297659688
ccheques_depositados	0.000117121458693059	0.000730587693462397	0.000123390778595813
cinversion2	0.000072472331213025	0.00113646974538595	0.000191941211149042
ctarjeta_visa_descuentos	0.0000501588858792593	0.00167298007509934	0.000342752162766147
Visa_delinquency	0.0000414951011266318	0.0000173365656337157	0.0000685504325532294
mcheques_depositados	0.0000372459542681494	0.000243529231154132	0.0000411302595319377
cinversion1	0.0000368880612452916	0.000730587693462397	0.000123390778595813
Master_msaldodolares	0.0000308692885658209	0.0000253819212671873	0.0000685504325532294
Master_mpagado	0.0000240740408493581	0.0000637722325427425	0.0000959706055745212
Master_madelantopesos	0.00000855597466205158	0.00000246834274981069	0.0000137100865106459
minversion2	0.00000490029769668325	0.0000811764103847108	0.0000137100865106459
cforex	0.000000675206897454264	0.0000334526314787536	0.0000274201730212918
Visa_cadelantosefectivo	0.000000525233432271711	0.00000473136313191306	0.0000274201730212918
Visa_madelantopesos	0.00000020916302702024	0.0000526972534012454	0.0000822605190638753
