Feature	Gain	Cover	Frequency
ctrx_quarter	0.215017220290636	0.0280426653892449	0.0265549812867582
mcuentas_saldo	0.053956371773248	0.0241033437564324	0.0320798431652112
mcaja_ahorro	0.0426700959049157	0.0147817564566432	0.0237308583414447
mprestamos_personales	0.0366335801541111	0.0255466118483749	0.00918525423961175
cpayroll_trx	0.0356659321829562	0.010553564236296	0.00474342980135174
mpayroll	0.032114209586192	0.0196387643492055	0.0101860356716889
mtarjeta_visa_consumo	0.0283607422803317	0.00916939431208712	0.0117214811565195
mrentabilidad_annual	0.0275479727711411	0.028766160773239	0.0343007553843412
mpasivos_margen	0.0271245642036216	0.0151616254595968	0.0212768874326529
mcuenta_corriente	0.0210605068105186	0.0133798780212322	0.0214551087835707
cliente_edad	0.0201281608430127	0.033531727039052	0.0421287854900402
Visa_mpagominimo	0.0200492792152906	0.0161955487516318	0.0238953703576765
Master_fechaalta	0.0159434039986957	0.0207765476606005	0.0326282165526507
cproductos	0.015456694330806	0.0168231698970214	0.0146826974486928
Visa_status	0.014838913627868	0.0121917042238788	0.00279670427594149
Visa_fechaalta	0.0145559778219393	0.0120352531169713	0.024457453079802
mactivos_margen	0.0143993058341649	0.0241350839694302	0.0239227890270485
Master_Fvencimiento	0.0140423865251179	0.0160676247002137	0.0271033546741977
mrentabilidad	0.0138461823090856	0.0162586328300372	0.0227163675746816
Visa_Fvencimiento	0.0133255971007858	0.0164969833085023	0.0265275626173862
numero_de_cliente	0.0124645060570117	0.0220261548358923	0.0272267386863716
Master_status	0.0123219618284782	0.00356821864203422	0.00137093346859877
chomebanking_transacciones	0.0116167080822901	0.0193764121574858	0.0271719013476276
Visa_msaldopesos	0.0111240473354072	0.012891951204315	0.0149843028117845
cliente_antiguedad	0.0107526341564769	0.0171940545227122	0.0214413994488847
Master_mfinanciacion_limite	0.0107324722317322	0.0151580109689938	0.0225244368890778
Visa_msaldototal	0.00959350343890516	0.00634493014923872	0.0106795717203844
mtransferencias_recibidas	0.00951851002773777	0.0132826312732995	0.0190833938828949
mcomisiones_mantenimiento	0.00944854974776914	0.0128784001051319	0.0107618277285003
Visa_mpagospesos	0.00868004791120722	0.013707500434984	0.0192341965644407
ctarjeta_visa_transacciones	0.00844413835463582	0.0172780104147852	0.0152310708361323
mcomisiones_otras	0.00829702901285277	0.0102190528527303	0.0164237829538133
Visa_mconsumospesos	0.00776729415215052	0.00899242336811409	0.0165471669659871
mcaja_ahorro_dolares	0.00769380873079666	0.012070282765693	0.0151076868239584
Visa_mfinanciacion_limite	0.0076171567392789	0.0104225800823509	0.0155052575298521
ctarjeta_master	0.0075561336369951	0.000260622221734573	0.000671757399613397
mtransferencias_emitidas	0.00694456502166525	0.0162207933511034	0.0160810495866636
ccaja_seguridad	0.00689879334182431	0.0161565267110828	0.00348217101024087
cprestamos_personales	0.0067460884809078	0.00982694044836625	0.00525067518473329
mautoservicio	0.00667593005223626	0.0121709954362011	0.0150939774892724
Visa_cconsumos	0.00646495031972489	0.00895537907711293	0.0131472519638622
ccomisiones_otras	0.00627864839379608	0.0200411638431006	0.0135448226697558
mcuenta_debitos_automaticos	0.00585912741920575	0.0157727246438029	0.0113924571240558
ccomisiones_mantenimiento	0.00578972373530761	0.011549518426286	0.00503132582975748
mcomisiones	0.0055943109911413	0.0106685563881625	0.0134899853310119
mttarjeta_visa_debitos_automaticos	0.00526477439710222	0.00857445414435291	0.0120230865196112
ccajas_consultas	0.00525482770704299	0.0134598295562677	0.0038934510508205
Master_mlimitecompra	0.00442301299282606	0.00609831071337503	0.00933605692115762
ctarjeta_debito_transacciones	0.00434165475956965	0.0117270118511075	0.0143536734162291
Master_mpagospesos	0.00430999512428687	0.0122493102301814	0.00950056893738947
ctransferencias_recibidas	0.00422991832774665	0.00910628779891251	0.00904816089275188
mpagomiscuentas	0.00392005070080987	0.0136040372617647	0.00862317151748626
Visa_mlimitecompra	0.00385415444968376	0.00540242056512898	0.00799254212193082
internet	0.00368092222014441	0.0102064764196339	0.00375635770396063
ccaja_ahorro	0.00355815748236534	0.0120013327429519	0.00415392840985427
Visa_mconsumosdolares	0.00352575840840695	0.0107702880957454	0.00858204351342829
ccallcenter_transacciones	0.00349650371972875	0.0096149139310493	0.0042361844179702
ctarjeta_visa	0.00321816528561181	0.000464425149741877	0.00035644270183568
Master_msaldototal	0.00321176788248872	0.00733365635512374	0.0056756645599989
tcallcenter	0.00317960531289044	0.00333138176266848	0.00242655223941982
Master_msaldopesos	0.00305993186701684	0.00567501148698824	0.00594985125371866
Master_mpagominimo	0.0029040883566189	0.00691906680471388	0.00568937389468489
thomebanking	0.00277934799075202	0.00242673209806008	0.00335878699806698
ctransferencias_emitidas	0.00257612314607085	0.0110925994517879	0.00640225929835625
cdescubierto_preacordado	0.00256769738262895	0.0101979267783443	0.00254993625159371
mextraccion_autoservicio	0.00238401770422942	0.00494064870076485	0.00618290994338045
cpagomiscuentas	0.00227556568978925	0.0042583111473532	0.00459262711980588
mplazo_fijo_dolares	0.0021892167662711	0.0122983157430509	0.0032354029858931
ctarjeta_debito	0.00215364488040298	0.00406855936460829	0.0042361844179702
cmobile_app_trx	0.00211558928425388	0.0038495511470978	0.00553857121313903
ctarjeta_visa_debitos_automaticos	0.0020918532294192	0.0057459871201182	0.00504503516444347
Master_mconsumospesos	0.00200052398258236	0.0076772538202395	0.00483939514415365
Master_fultimo_cierre	0.00176052319184487	0.00485044298052656	0.00383861371207655
tmobile_app	0.0017206697004931	0.00763443083122754	0.00168624816637649
matm	0.0017185836965768	0.00650891485166355	0.00427731242202816
Visa_mconsumototal	0.0016129520320836	0.00180065197204336	0.00341362433681093
ccajas_transacciones	0.0015646758208636	0.0011022391586317	0.000630629395555434
ccuenta_debitos_automaticos	0.00148524617445458	0.00389016655481464	0.00361926435710075
mtarjeta_master_consumo	0.00147372365966316	0.00287116387998839	0.00227574955787396
Visa_fultimo_cierre	0.00136878278274464	0.00173011755604217	0.00301605363091729
cextraccion_autoservicio	0.00132413304894738	0.00305318962675078	0.00335878699806698
catm_trx	0.00101626271018316	0.00460501557873618	0.00252251758222174
Master_cconsumos	0.0008863918786207	0.00109445130239611	0.00191930685603828
Visa_mpagado	0.000847463237333225	0.00417164712935534	0.00217978421507204
ctarjeta_master_transacciones	0.000725928917523479	0.000907739181610637	0.00120642145236692
matm_other	0.000692153533472369	0.00326788189320618	0.00197414419478223
catm_trx_other	0.000656547893592942	0.00561099013377827	0.00197414419478223
Visa_mpagosdolares	0.000618513374479331	0.00374617173035038	0.00164512016231852
Visa_msaldodolares	0.000605850778354445	0.00322823865882393	0.00165882949700451
ccajas_otras	0.000541650297879179	0.00563276681647275	0.00119271211768093
mttarjeta_master_debitos_automaticos	0.000530913361578931	0.00756105866619024	0.00179592284386439
Master_mconsumototal	0.000330354809292815	0.0014316897568029	0.000918525423961175
cseguro_vivienda	0.000319384044188896	0.00206925199772659	0.000836269415845249
cseguro_vida	0.000313349924260212	0.00369529615482558	0.0010007814320771
cplazo_fijo	0.000230940483229003	0.00123537904462739	0.000383861371207655
active_quarter	0.000206235076153738	0.000487283686865089	0.000466117379323582
ccajas_extracciones	0.000191321524201228	0.00431963135434434	0.000932234758647163
Master_mconsumosdolares	0.000187951945371726	0.000146808144529382	0.000411280040579631
tcuentas	0.00015084998227272	0.00391129362630145	0.000726594738357348
ccheques_depositados	0.000143287311835526	0.000895458388918029	0.000150802681545865
cseguro_accidentes_personales	0.000117189684715821	0.000294589958044623	0.000233058689661791
ctarjeta_master_debitos_automaticos	0.000107599619568595	0.0000639535503517663	0.000164512016231852
Master_mpagosdolares	0.000072671314553419	0.000116429472750412	0.000219349354975803
ctarjeta_visa_descuentos	0.000069055882525227	0.00228004709548641	0.000466117379323582
Master_mpagado	0.0000439024944535976	0.00012333040777461	0.0000959653428019138
cinversion2	0.0000385226394655087	0.000651242464667658	0.000109674677487902
Visa_delinquency	0.0000366911995246119	0.0000614523228545547	0.0000959653428019138
cinversion1	0.0000327817916578198	0.000651242464667658	0.000109674677487902
Master_msaldodolares	0.0000280048227894529	0.0000418313722106916	0.0000685466734299385
mcheques_depositados	0.0000116041059622506	0.0000814053080834572	0.0000137093346859877
minversion2	0.0000100786432539787	0.000162810616166914	0.0000274186693719754
mtarjeta_visa_descuentos	0.00000995359501597391	0.0000821710815408455	0.0000274186693719754
Visa_madelantopesos	0.00000569823197492568	0.0000604906190789674	0.0000959653428019138
Master_cadelantosefectivo	0.00000324446037956489	0.00000576174729624773	0.0000274186693719754
Master_madelantopesos	0.00000273957897631643	0.00000336122698548951	0.0000137093346859877
Master_delinquency	0.000000709746981853699	0.0000393007302382287	0.0000274186693719754
cforex	0.000000305168564476034	0.0000273734097990636	0.0000274186693719754
Visa_madelantodolares	0.0000000000134284266322156	0.00000986082891515825	0.0000137093346859877
