Feature	Gain	Cover	Frequency
ctrx_quarter	0.127899128747464	0.0194227066388378	0.0220012672417995
mcaja_ahorro	0.0568000511562988	0.0155414609469607	0.0230540527367549
cpayroll_trx	0.0358255837174177	0.00785128514709228	0.00300238826339133
mpayroll	0.0329897342516118	0.013983106773062	0.00796412730906078
mcuentas_saldo	0.0321272177487237	0.0227571577132425	0.025608032363406
mpasivos_margen	0.0312855491733585	0.0181886594871644	0.0218452990203246
mcuenta_corriente	0.0307900295084431	0.0157518339260297	0.0211726860652142
mprestamos_personales	0.0293537017845389	0.0240783127138173	0.00812009553053565
mtarjeta_visa_consumo	0.0279021143143797	0.00920327038870897	0.0142613442511088
mrentabilidad_annual	0.0259899903068606	0.0291339969747811	0.0309889360042891
ctarjeta_visa_transacciones	0.0207373727628713	0.0160358825916045	0.0153726178291173
Visa_mpagominimo	0.0197663284030288	0.0161190994235237	0.0216795827850076
cliente_edad	0.0175250095084849	0.0303349423948792	0.0312911244333967
Visa_msaldototal	0.0175064623306559	0.0106149704336926	0.0163474192133353
mautoservicio	0.0172291085997634	0.0145448431136352	0.0145147926110055
cprestamos_personales	0.0170761976471054	0.0082936977612607	0.00443534629819174
cproductos	0.0163409311561339	0.0127310582631824	0.0105765950187649
Master_fechaalta	0.0152586536784594	0.0186075901594025	0.0284447043914802
Visa_msaldopesos	0.01494882207059	0.0153060011389149	0.0178291173173466
Visa_mpagospesos	0.0146721981362158	0.0138407899926775	0.0199054442657309
mactivos_margen	0.0146614936679324	0.022326206729814	0.0232587610274407
mrentabilidad	0.014526495845471	0.016687650235697	0.0230345567090705
Master_Fvencimiento	0.0145065343471781	0.0168771256380394	0.0266023297753083
Master_status	0.0140792036285988	0.00478279218183667	0.00148169810401131
Visa_fechaalta	0.0135740080214032	0.0143797589984291	0.0243017985085539
Visa_Fvencimiento	0.012367743692792	0.01590058693671	0.0236779256226544
numero_de_cliente	0.0117679383988719	0.0204869690653238	0.0244382707023444
cliente_antiguedad	0.0115571089017027	0.0183325382577419	0.0230832967782814
mcomisiones_otras	0.0114132126692833	0.0118254501901797	0.0191256031583565
chomebanking_transacciones	0.0110567623904254	0.0205280373554244	0.0225764000584881
mtransferencias_recibidas	0.0109649531373615	0.0141963814178708	0.0185407223278257
Master_mfinanciacion_limite	0.0108252218135503	0.0155858864265321	0.0221864795048009
mcomisiones_mantenimiento	0.0107460081775159	0.0128851893817697	0.0113174440707706
Visa_status	0.0106219909460492	0.00894762965375262	0.00214456304527952
mcomisiones	0.0101348305887312	0.013091651938137	0.0181410537602963
Visa_mfinanciacion_limite	0.00937476089598199	0.0130010714868014	0.0185407223278257
Visa_mconsumospesos	0.00896133433209351	0.00916564201772548	0.018228785884876
ccomisiones_mantenimiento	0.0081854159125267	0.0101340755968834	0.00541989569625189
ctarjeta_master	0.00805265965180967	0.000475722701889714	0.000623872885899498
Master_mlimitecompra	0.00774603913389449	0.0115579975001791	0.0159964907150168
mcaja_ahorro_dolares	0.00759235951966835	0.0125096948378606	0.0143393283618463
mtransferencias_emitidas	0.00706830467525807	0.0162611046910428	0.0139299117804747
Visa_mlimitecompra	0.00704467720772341	0.0103205427722544	0.0144465565141103
Visa_cconsumos	0.00698138933276107	0.0104395920949767	0.014972949261588
ccomisiones_otras	0.00690248697366288	0.0184499432010762	0.0134912511575766
mcuenta_debitos_automaticos	0.00648742510716965	0.0149958538233403	0.0101671784373934
ccaja_seguridad	0.00641808163845461	0.0112029184540703	0.0023005312667544
ctarjeta_debito_transacciones	0.00606238815118658	0.0128104586369362	0.0128673782716771
Visa_mconsumototal	0.00594273252403998	0.00650316640997014	0.0128283862163084
mttarjeta_visa_debitos_automaticos	0.00523274284803813	0.00976791758720492	0.0115611444168251
ccajas_consultas	0.00486021808521485	0.0117321570235309	0.00295364819418044
ctransferencias_recibidas	0.00477100131055409	0.00837158210573617	0.0095822976068626
Master_msaldopesos	0.00456268210381732	0.00673760486435885	0.00786664717063898
mpagomiscuentas	0.00420856006894182	0.0128098509315102	0.0083832919042745
Master_mpagominimo	0.00399727948808252	0.00805479054417098	0.00712579811863333
Master_msaldototal	0.00399629642439054	0.0069465404583811	0.00731101038163474
mextraccion_autoservicio	0.00381653399215455	0.0058548563884581	0.00755471072768923
Visa_mconsumosdolares	0.00379378907546974	0.00701483735607742	0.00732075839547692
internet	0.00375885215522604	0.00896400705964414	0.0029244041526539
Master_mpagospesos	0.00357140539002069	0.0118912726884161	0.00756445874153141
ccallcenter_transacciones	0.00356042726808545	0.00818151840368729	0.00327533265097236
ctransferencias_emitidas	0.0033339106891602	0.0125455317545295	0.00746697860310962
cextraccion_autoservicio	0.00329088994889141	0.00358791394291293	0.00419164595213725
ccaja_ahorro	0.00309437515684005	0.00850359444907429	0.00296339620802262
tcallcenter	0.00299915890777642	0.0034308627742199	0.00208607496222645
cdescubierto_preacordado	0.00270299220124497	0.00898327693909256	0.00214456304527952
ctarjeta_visa_debitos_automaticos	0.00267025544000455	0.00766540729278139	0.00626797290052152
cpagomiscuentas	0.00264477301006207	0.00513928103644341	0.00533216357167227
thomebanking	0.00262119081465996	0.00327500046118373	0.00357752108007993
cmobile_app_trx	0.00250354749952841	0.00266957231341606	0.00468879465808841
ctarjeta_visa	0.0024359976008096	0.000720459124751698	0.000545888775162061
Master_mconsumospesos	0.00234494467284071	0.0054884151233654	0.0051274552809865
ctarjeta_debito	0.00234105701745354	0.00387491227784943	0.00457181849198226
Master_fultimo_cierre	0.00228180627178411	0.00575708356466923	0.00465955061656188
matm	0.00215716537994113	0.00628923537521103	0.00486425890724765
ccuenta_debitos_automaticos	0.00205286203812402	0.00385810624387314	0.00388945752302968
mtarjeta_master_consumo	0.00192464450976015	0.0040484627339704	0.00302188429107569
Visa_fultimo_cierre	0.00169658065055274	0.00267539845512735	0.00372374128771263
catm_trx	0.00154623183730305	0.00435636817826764	0.00309986840181313
Master_cconsumos	0.00143351900443707	0.00184209541202269	0.0028269240142321
Master_mconsumototal	0.00141366054715452	0.00370783856571932	0.00329482867865672
mplazo_fijo_dolares	0.00136148803723503	0.0104297067533809	0.00263196373738851
ccajas_transacciones	0.00130418515343758	0.00227938832075931	0.00106253350879758
tmobile_app	0.00125345793313596	0.00769413763070427	0.00151094214553785
ctarjeta_master_transacciones	0.00119956276520558	0.00179300030353099	0.00151094214553785
Visa_mpagosdolares	0.000888626623467359	0.003998482111858	0.00194960276843593
Visa_mpagado	0.000883814387911451	0.00351807207758465	0.00190086269922503
Visa_delinquency	0.000876562677985095	0.0000600355084152877	0.0000974801384217966
matm_other	0.000780883499057232	0.00372096636472519	0.00181313057464542
Visa_msaldodolares	0.000753311133866645	0.00294424222880898	0.00163766632548618
catm_trx_other	0.000751361355997602	0.00709246738349227	0.00217380708680606
Master_mconsumosdolares	0.000559535182978159	0.000437051869273548	0.000935809328849247
cplazo_fijo	0.000473788226360613	0.00213987515616348	0.000643368913583857
mttarjeta_master_debitos_automaticos	0.000446284178243657	0.00718169079626881	0.0017253984500658
Master_mpagosdolares	0.000446243454264898	0.000282157799504304	0.000633620899741678
ccajas_otras	0.000363290007335665	0.00529960394135133	0.00108202953648194
cseguro_vivienda	0.000355071852717259	0.00317018744663651	0.0010040454257445
cseguro_vida	0.000339218044505313	0.00262744624137794	0.000809085148900912
tcuentas	0.000244447138404595	0.00515253956871738	0.000955305356533606
active_quarter	0.000235830333059258	0.000503419770362827	0.000487400692108983
Master_msaldodolares	0.000216896704154396	0.000268600691511239	0.00027294438758103
cseguro_accidentes_personales	0.000159301095653235	0.000497473108919999	0.000311936442949749
ctarjeta_master_debitos_automaticos	0.000126502896897425	0.000272329653713294	0.000243700346054491
ccajas_extracciones	0.000119845075030906	0.00440887086301063	0.00084807720426963
Master_madelantopesos	0.000109040974439365	0.0000925261300523691	0.000165716235317054
Visa_madelantopesos	0.0000962724050229386	0.0000953862607434553	0.000224204318370132
Master_madelantodolares	0.0000869864112028126	0.0000745458798216423	0.000175464249159234
Master_mpagado	0.0000806855303086753	0.000618244774359341	0.000253448359896671
Master_cadelantosefectivo	0.0000803953508858518	0.0000390463503107578	0.000107228152263976
Visa_madelantodolares	0.0000603335226206658	0.0000850086266849278	0.000165716235317054
Master_delinquency	0.0000472431864516729	0.0000432927983657415	0.000116976166106156
ctarjeta_visa_descuentos	0.0000137694379553017	0.00119560612363003	0.000214456304527952
Visa_Finiciomora	0.00000668074964569179	0.0000180592349135421	0.00000974801384217966
Visa_cadelantosefectivo	0.00000578719539296201	0.000032240730442312	0.0000389920553687186
mtarjeta_visa_descuentos	0.00000504092285768188	0.000136773213185057	0.000029244041526539
mcaja_ahorro_adicional	0.0000011588624839132	0.0000494682430277595	0.00000974801384217966
