Feature	Gain	Cover	Frequency
ctrx_quarter	0.114577691486569	0.0187791289301908	0.0216208308952604
mcaja_ahorro	0.0632426579323471	0.0155496170936076	0.0215720694363175
mpasivos_margen	0.0352579473499277	0.0178319235700097	0.0209576750536376
cpayroll_trx	0.034839252756603	0.00792535598484464	0.00300370587087966
mprestamos_personales	0.0343669938554455	0.0230276457370882	0.00789935634874196
mpayroll	0.0335832359040563	0.013205099608792	0.00732397113321631
mcuentas_saldo	0.030360748590997	0.0231985683588727	0.0258338209479228
mrentabilidad_annual	0.0254298271771912	0.0292072748391497	0.0294616734932709
mtarjeta_visa_consumo	0.0251719295554744	0.00871098324157319	0.0137604837136727
ctarjeta_visa_transacciones	0.0240949323659339	0.0156688249725497	0.0159645016578896
mcuenta_corriente	0.0202201594048702	0.0159818870735601	0.0206358494246148
Visa_msaldototal	0.0202187063415236	0.00972811543280232	0.0158669787400039
Visa_mpagominimo	0.0195341647689667	0.0153328781842186	0.0208406475521748
cliente_edad	0.0180454747318673	0.0298912454442703	0.032319094987322
mactivos_margen	0.0178894730776529	0.0219059302732412	0.0218451336063975
Visa_msaldopesos	0.0171224464218986	0.0151377484734722	0.0186463818997464
cproductos	0.0164535917193966	0.0114175688565458	0.0105617320070216
Master_fechaalta	0.0147144718106492	0.0186401044037251	0.0278525453481568
Visa_fechaalta	0.0143182325096626	0.014955620792435	0.0245660230154086
Master_Fvencimiento	0.0143125083049977	0.0178276990236873	0.0270236005461283
mautoservicio	0.0140964067455867	0.0142742909112086	0.0143748780963526
mrentabilidad	0.0135670090700396	0.0157544016961302	0.0218158767310318
Visa_mpagospesos	0.0132217476869415	0.0143647989350991	0.0210747025551004
Visa_Fvencimiento	0.0131885579463684	0.0167866833749519	0.0255802613614199
Master_status	0.0128942603473158	0.00464569181105986	0.0015116052272284
Visa_status	0.0127222762618044	0.00913134854721452	0.00215525648527404
cprestamos_personales	0.0124866724328853	0.00838216722363391	0.00442754047201092
numero_de_cliente	0.0123788440697316	0.0238101373041669	0.0257167934464599
mcomisiones	0.0118656222218428	0.0130159948143145	0.0197386385800663
Visa_mfinanciacion_limite	0.0115098056366135	0.013184455865332	0.0184903452311293
chomebanking_transacciones	0.0114061334206243	0.0187112380537516	0.0238248488394773
mcomisiones_otras	0.0113228627728159	0.0124756502854319	0.0193778037838892
Master_mfinanciacion_limite	0.011283630428415	0.0158235473243578	0.0230056563292374
cliente_antiguedad	0.0112742045936696	0.0194754393443528	0.0229276379949288
mtransferencias_recibidas	0.0110214799239586	0.0140599683593685	0.0186756387751122
mcomisiones_mantenimiento	0.0110074640120498	0.0119198088410704	0.0108640530524673
ctarjeta_debito_transacciones	0.0101322375310513	0.0129990021232005	0.0119368051492101
ctarjeta_master	0.00893737313816712	0.00061083159589588	0.000760678759508485
Visa_mconsumospesos	0.00854575040213635	0.00997578596248045	0.0182855471035693
ccomisiones_mantenimiento	0.00825655880308511	0.0112968288274246	0.00590013653208504
mcaja_ahorro_dolares	0.00797253949189109	0.0135514094026831	0.0147454651843183
Master_mlimitecompra	0.00758131192004646	0.0104809246921963	0.0156914374878096
Visa_cconsumos	0.0072396113540412	0.0107620162887492	0.0148722449775697
mtransferencias_emitidas	0.0070371070104002	0.0162971581632246	0.0141505753852155
Visa_mlimitecompra	0.00684277328275567	0.00958738844170463	0.0139555295494441
ccomisiones_otras	0.00658727247261356	0.0195779489280219	0.0129900526623757
mcuenta_debitos_automaticos	0.00641381048009267	0.0153690667759674	0.0102886678369417
ccaja_seguridad	0.00626295816669612	0.0119427091660455	0.00236005461283402
mttarjeta_visa_debitos_automaticos	0.0060545255581648	0.0098066154378832	0.0128437682855471
Visa_mconsumototal	0.00594851772855387	0.00654229724221766	0.0122586307782329
ctransferencias_recibidas	0.00489919736352593	0.00832025163090843	0.00976204408035888
ccajas_consultas	0.00477368342282702	0.012024929913019	0.00287692607762824
mextraccion_autoservicio	0.00475296638703591	0.00619373460625055	0.00843573239711332
mpagomiscuentas	0.00457938648988567	0.0131729910850372	0.00852350302321045
Visa_mconsumosdolares	0.00427495961981339	0.00803925861956789	0.0081139067680905
Master_msaldototal	0.00420977461825142	0.00728161290563703	0.0070314023795592
Master_msaldopesos	0.00414975272442	0.00796281530598543	0.00759703530329627
cextraccion_autoservicio	0.00397060179583062	0.00352591439650747	0.00467134776672518
Master_mpagospesos	0.00378031760164065	0.0126408100916327	0.00802613614199337
ccallcenter_transacciones	0.00365612519497485	0.0086296113472727	0.00344255900136532
Master_mpagominimo	0.00363955699253827	0.00858908602602874	0.0070314023795592
ctransferencias_emitidas	0.003467261626446	0.0122058888493667	0.00747025551004486
ccaja_ahorro	0.00315752005205628	0.00844085738017147	0.00280866003510825
tcallcenter	0.00297481576878514	0.00359273171397934	0.00211624731811976
cdescubierto_preacordado	0.00282055992711961	0.00888870722316078	0.0022332748195826
internet	0.0027699772298861	0.00885396749408401	0.00304271503803394
thomebanking	0.00273944446646339	0.00348198754548944	0.00363760483713673
ctarjeta_visa_debitos_automaticos	0.00254895418624873	0.00686554455545685	0.0059781548663936
Master_mconsumospesos	0.00254540347504887	0.00536928517280814	0.00531499902477082
matm	0.00250420500595545	0.00499345794650122	0.00487614589428516
cpagomiscuentas	0.00238770913455863	0.0041402780625965	0.00469085235030232
cmobile_app_trx	0.00234229419789513	0.00247920868127619	0.00449580651453091
mtarjeta_master_consumo	0.00233266274712031	0.00279680570205337	0.00248683440608543
ctarjeta_debito	0.00230666461660318	0.00392021207226618	0.00483713672713088
ccuenta_debitos_automaticos	0.00213125783109443	0.00418819217552939	0.00377413692217671
ctarjeta_visa	0.00209762133674856	0.000789222557437176	0.000643651258045641
Master_fultimo_cierre	0.00199291091358274	0.00498927317421271	0.00407645796762239
Visa_fultimo_cierre	0.00169621243956416	0.00254327207183423	0.00358884337819388
Master_mconsumototal	0.00158859026190933	0.00384740213368125	0.00351082504388531
tmobile_app	0.00151400209516393	0.00669606331746629	0.00142383460113127
mplazo_fijo_dolares	0.00147112821398086	0.0105479629765234	0.00269163253364541
Master_cconsumos	0.0012829121905272	0.00183347214108565	0.00258435732397113
ccajas_transacciones	0.00125772578614211	0.00190338877366348	0.00091671542812561
catm_trx	0.001123069687257	0.00398047415301674	0.00277940315974254
ctarjeta_master_transacciones	0.000946716322225325	0.00131786128217825	0.00129705480787985
Visa_mpagosdolares	0.00086843542785774	0.0041363995843642	0.00201872440023406
Visa_mpagado	0.000846274697761728	0.0030980620539139	0.00172615564657695
catm_trx_other	0.00082478547917851	0.00725140537673495	0.00231129315389116
Visa_msaldodolares	0.000751372343871766	0.00346554659161543	0.00166764189584552
matm_other	0.000748307832505707	0.00411895816055963	0.00198946752486834
mttarjeta_master_debitos_automaticos	0.00050733024872829	0.00605327583492017	0.00158962356153696
ccajas_otras	0.000433747947213535	0.00553612534695553	0.00117027501462844
Master_mpagosdolares	0.000398131618649168	0.000246891706500792	0.000565632923737078
cplazo_fijo	0.00038199462279458	0.00157717642517649	0.000487614589428516
Master_mconsumosdolares	0.0003619042766888	0.000355858961525864	0.000780183343085625
cseguro_vivienda	0.000348669420308033	0.00298857365705956	0.000965476887068461
active_quarter	0.000291031444209142	0.000650085167900904	0.000653403549834211
cseguro_vida	0.000282126258361917	0.00253847641117834	0.000682660425199922
tcuentas	0.000265548092063214	0.00533155933164507	0.000994733762434172
cseguro_accidentes_personales	0.000180988945375317	0.00058962965616479	0.000399843963331383
Master_madelantopesos	0.000166593307277416	0.0000636517123093514	0.000165788960405695
ccajas_extracciones	0.000134237050917523	0.00565863787020445	0.00106299980495416
ctarjeta_master_debitos_automaticos	0.000116468592314352	0.000173496715673086	0.000224302711137117
Visa_delinquency	0.000103985970761576	0.000209116232782564	0.000214550419348547
Master_msaldodolares	0.000100865297899029	0.000157864160540098	0.000214550419348547
Master_mpagado	0.0000893686146545545	0.000294852732396787	0.000224302711137117
Visa_madelantopesos	0.0000651602591637496	0.0000659286907649511	0.000175541252194266
Master_delinquency	0.0000585497584897615	0.0000933737940280045	0.000126779793251414
Master_cadelantosefectivo	0.0000503661504672178	0.000035058601246274	0.0000975229178857031
Master_madelantodolares	0.0000496486011635947	0.0000383421687145687	0.000107275209674273
Visa_cadelantosefectivo	0.0000245529493691981	0.000021301204841427	0.0000585137507314219
Visa_madelantodolares	0.0000237200427220963	0.0000540053192582768	0.0000877706260971328
ctarjeta_visa_descuentos	0.0000186154770233214	0.00153019479237255	0.000273064170079969
Visa_Finiciomora	0.00000499469727196529	0.0000325011648590724	0.00000975229178857031
mtarjeta_visa_descuentos	0.00000251187542250022	0.0000482914563317734	0.00000975229178857031
