Feature	Gain	Cover	Frequency
ctrx_quarter	0.100297483886637	0.0187120789492228	0.0221447491430352
mpasivos_margen	0.0542957019220089	0.0190763071160138	0.0223882050483017
mcaja_ahorro	0.0537809154020123	0.016082965991083	0.0228751168588345
mcuentas_saldo	0.0486167102136776	0.0216180549425221	0.0272086319725771
mpayroll	0.034877858751286	0.0145377551132054	0.00781980367715799
cpayroll_trx	0.0345555078218082	0.00744153046257829	0.00280461202866937
mprestamos_personales	0.0285165989487423	0.0236194049931868	0.00779058896852602
mtarjeta_visa_consumo	0.0248045921132546	0.00897670462844925	0.0141204425054534
ctarjeta_visa_transacciones	0.0242328183913435	0.0160191196813719	0.014928716110938
Visa_mpagominimo	0.0236940359480653	0.0159117829902557	0.0211319725771268
cprestamos_personales	0.0229988004157599	0.0092114123866257	0.0045867092552197
mrentabilidad_annual	0.0224379767767252	0.029628090660331	0.029487379245871
cliente_edad	0.0184560126132785	0.0303198183799188	0.0321653942038018
Visa_msaldopesos	0.0174891879895117	0.0156973910936707	0.0185610782175132
mcuenta_corriente	0.0173872038540095	0.0150611513596709	0.0218039108756622
Master_fechaalta	0.0150715352355849	0.0195286141452335	0.0284940791523839
Visa_fechaalta	0.0145496510747136	0.0150693775994552	0.0260595200997195
mrentabilidad	0.0145033674163815	0.0160994351085247	0.0218915550015581
Visa_Fvencimiento	0.0144258116320994	0.0165637937301276	0.025932923028981
Master_Fvencimiento	0.0136307249303365	0.0162348443055398	0.0251830788407604
mactivos_margen	0.0135896574984959	0.0217517460244875	0.0223395138672484
Master_status	0.0131077066482171	0.00523693079701944	0.00164576191960112
cproductos	0.0128940004345727	0.0120076914876802	0.0108581333748831
Visa_status	0.0127730201375735	0.00903607127573935	0.00216188843876597
mautoservicio	0.0125781624767049	0.0138178099005396	0.0147631660953568
numero_de_cliente	0.0125260612273201	0.0224373435367419	0.0253973200373948
mcomisiones_otras	0.0122771347559865	0.0123543520978623	0.019534901838579
Visa_msaldototal	0.0121579438832969	0.0103756366850093	0.0160291368027423
Visa_mpagospesos	0.0113208620866041	0.0134997097273485	0.0191161576815207
cliente_antiguedad	0.0112167576764211	0.0183801628900126	0.0227972109691493
Master_mfinanciacion_limite	0.0108525739392481	0.0148521124440659	0.0216286226238704
mtransferencias_recibidas	0.0103527243857788	0.0147463366570768	0.0188629635400436
chomebanking_transacciones	0.0102171633757798	0.0177611436941274	0.0207327048924899
mcomisiones	0.00999724049936755	0.0129677052491163	0.0191453723901527
mcomisiones_mantenimiento	0.00980959348481461	0.0124370110882707	0.0105952009971954
ctarjeta_debito_transacciones	0.00969056589018036	0.0126294559326122	0.0118027422873169
Visa_mconsumospesos	0.00909534837398669	0.0105467796191221	0.0195738547834216
Visa_mfinanciacion_limite	0.00909224481740197	0.012125037047832	0.0182884076036148
ctarjeta_master	0.00889609095488752	0.000505628016735205	0.000535602991586164
ccomisiones_otras	0.0078667260369285	0.0187651513872884	0.013448504206918
ccomisiones_mantenimiento	0.0076030704116216	0.0104205080098743	0.00508335930196323
Master_mlimitecompra	0.00748233042510194	0.0104147550408452	0.0154837955749455
mcaja_ahorro_dolares	0.00743739780827261	0.0136248893488493	0.0147923808039888
Visa_mlimitecompra	0.00725107962844524	0.0104936029396889	0.0149968837644126
ctarjeta_visa	0.00697643409964874	0.000529561766835509	0.000506388282954191
Visa_cconsumos	0.00668200722129152	0.00940226135335187	0.0135458865690246
mcuenta_debitos_automaticos	0.00658813137354921	0.0150225423264782	0.010293315674665
mtransferencias_emitidas	0.00655653508544305	0.0155807826931579	0.0137796042380804
ccaja_seguridad	0.00620040680023899	0.0119087375681741	0.00231770021813649
Visa_mconsumototal	0.00590331228154077	0.00603698736823242	0.0115690246182611
mttarjeta_visa_debitos_automaticos	0.00570638121418098	0.00964464324556746	0.0125623247117482
ccajas_consultas	0.00537397174192175	0.0115038895623951	0.00293120909940792
mextraccion_autoservicio	0.00493243464813121	0.00580583230526643	0.00762503895294484
Master_msaldototal	0.004721130493954	0.00759399687491375	0.00782954191336865
cextraccion_autoservicio	0.00465685223542207	0.0036762534882103	0.00444063571205983
Master_msaldopesos	0.00460809995101873	0.00758478526558903	0.0077029448426301
ctransferencias_recibidas	0.0043703866983297	0.00801229167756978	0.00867676846369586
mpagomiscuentas	0.00428079812088231	0.0140801185318473	0.00888127142411966
Master_mpagospesos	0.00393696700399052	0.012560193146365	0.00836514490495481
Visa_mconsumosdolares	0.00386024797699026	0.00685887214973877	0.00744975070115301
ccallcenter_transacciones	0.0038588608094361	0.00842017762314118	0.00334021502025553
ctransferencias_emitidas	0.00369384770704675	0.0122591654681736	0.00786849485821128
Master_mpagominimo	0.00367168412724607	0.00835041434250988	0.00732315363041446
internet	0.00291991524781996	0.00876541790224563	0.00292147086319726
ccaja_ahorro	0.00291349367824454	0.00909468989784082	0.00290199439077594
ctarjeta_visa_debitos_automaticos	0.00286993566998505	0.00718463593096767	0.00625194764724213
cdescubierto_preacordado	0.00280334979341704	0.0102275786299249	0.00237612963540044
tcallcenter	0.00276952114560842	0.00275735598556519	0.0017431442817077
thomebanking	0.00276855257473191	0.00333219857267076	0.00355445621689
cpagomiscuentas	0.00274462531997217	0.00531803771155984	0.0053657681520723
cmobile_app_trx	0.0024665814511816	0.00285695368889235	0.00488859457775008
Master_mconsumospesos	0.00224340919727658	0.00551399586349405	0.00501519164848863
ctarjeta_debito	0.00216430380558476	0.00372066472495422	0.00423613275163602
mtarjeta_master_consumo	0.00216103243965579	0.00396325136487238	0.00302859146151449
Master_fultimo_cierre	0.00209567160620335	0.00514061381061127	0.00428482393268931
matm	0.00204803094763767	0.00565767000881435	0.00528786226238704
ccuenta_debitos_automaticos	0.00196459922842298	0.00378216271773185	0.00347655032720474
Visa_fultimo_cierre	0.0017605412520358	0.00238590256775795	0.00353497974446868
catm_trx	0.00170494591965158	0.00451237791217492	0.00307728264256778
Master_mconsumototal	0.0014779776167506	0.00339778337033734	0.00320387971330633
Master_cconsumos	0.0014707769606507	0.0021238010609918	0.0031649267684637
mplazo_fijo_dolares	0.00141696560429563	0.0111913888823432	0.002843564973512
tmobile_app	0.00135456039649056	0.00737023955356585	0.0014899501402306
ctarjeta_master_transacciones	0.00126232781396171	0.00208219483381812	0.00160680897475849
ccajas_transacciones	0.000992872858158897	0.00194424275861984	0.00094460891243378
Visa_mpagado	0.000902903211755078	0.00367300197245618	0.00201581489560611
Visa_mpagosdolares	0.000831962834234955	0.00407578314694911	0.00199633842318479
matm_other	0.00074396784331309	0.00324661369345144	0.00168471486444375
catm_trx_other	0.000703585841540219	0.00777702638087325	0.00217162667497663
Visa_msaldodolares	0.000642621820173219	0.00331036764598997	0.00158733250233718
mttarjeta_master_debitos_automaticos	0.000503474188745139	0.00687378477718291	0.00168471486444375
Master_mconsumosdolares	0.000444293041751029	0.000381496241685636	0.000847226550327205
ccajas_otras	0.000412733533563981	0.00487668621239507	0.00102251480211904
cplazo_fijo	0.000388634307883126	0.00186715507883106	0.000574555936428794
cseguro_vida	0.00033926318586152	0.00233050693934258	0.000720629479588657
cseguro_vivienda	0.00033399954353015	0.00334689864279848	0.00101277656590838
Master_mpagosdolares	0.000277158318732595	0.000223803839482635	0.000496650046743534
tcuentas	0.000259232929491087	0.00526487563270907	0.00098356185727641
active_quarter	0.000257462287595504	0.000616512309835431	0.000564817700218137
Master_msaldodolares	0.000165983049601666	0.000360652721835774	0.000282408850109068
Master_madelantopesos	0.00016483669436281	0.0000982941769090253	0.000243455905266438
Master_mpagado	0.000133684917107068	0.000503631811522334	0.000321361794951698
ccajas_extracciones	0.000132841826933627	0.00485013997668364	0.000925132440012465
Master_cadelantosefectivo	0.000127764848525949	0.000046857004076521	0.000107120598317233
cseguro_accidentes_personales	0.000120314855878717	0.000424253538032915	0.000292147086319726
Master_madelantodolares	0.0000936095336036662	0.0000415929847849493	0.0000876441258959177
Visa_madelantopesos	0.0000742771417098091	0.000156129800333697	0.000243455905266438
Visa_madelantodolares	0.0000657912388313966	0.0000777148257367635	0.000146073543159863
Visa_delinquency	0.0000599209560851022	0.000106598852380435	0.000175288251791835
ctarjeta_master_debitos_automaticos	0.0000572389894550022	0.000140568635390561	0.000146073543159863
Master_delinquency	0.0000422518150608574	0.0000457602626515209	0.00011685883452789
Visa_cadelantosefectivo	0.0000300193474562025	0.000018422879101	0.0000584294172639452
ctarjeta_visa_descuentos	0.000016306789777839	0.00119214842161909	0.000214241196634466
mtarjeta_visa_descuentos	0.00000807119939186236	0.000176688439051803	0.0000389529448426301
mcaja_ahorro_adicional	0.00000421612012482213	0.0000783042818091475	0.0000194764724213151
Visa_Finiciomora	0.000000875477496371951	0.0000501648848698185	0.00000973823621065753
cforex_sell	0.000000269998182100341	0.0000156949470240803	0.00000973823621065753
