Feature	Gain	Cover	Frequency
ctrx_quarter	0.143069509379281	0.021864388752774	0.0274063067525178
mcaja_ahorro	0.0467627659809793	0.0155419308158597	0.0258562177829142
mcuentas_saldo	0.0435627341214796	0.0212060173901963	0.027002733292976
mtarjeta_visa_consumo	0.0372374011901345	0.00819625455165766	0.0117128024507916
cpayroll_trx	0.0317575324030793	0.00528937343855856	0.00263239961110194
mpasivos_margen	0.0292625181107117	0.0187339258261132	0.0248289398858988
mrentabilidad_annual	0.0289416303695158	0.0274687847457249	0.0312402546181645
mprestamos_personales	0.0278535472891929	0.0220928078979791	0.00751196962192505
mpayroll	0.0275438322333744	0.0121358258823875	0.00723680589951021
cliente_edad	0.0250272799489525	0.0358992409918619	0.0395318547869316
mcuenta_corriente	0.0220076602882925	0.0221686636370492	0.0247463907691743
Visa_mpagominimo	0.0205698990952797	0.0177564285733135	0.0225542531139361
Master_Fvencimiento	0.0192448644133282	0.022927641359166	0.0308183369104617
Master_fechaalta	0.0185572000088838	0.0214152523138808	0.0301854603489076
mactivos_margen	0.0180059302018563	0.0241247719856966	0.0247647350173353
numero_de_cliente	0.0179648381829292	0.0251652291815715	0.0310109515161521
Visa_Fvencimiento	0.0177572007684646	0.024132742792994	0.0297085098967219
Visa_fechaalta	0.0176490974957134	0.0155811631561324	0.0250307266156697
cproductos	0.0157887477652762	0.012122228477924	0.01186872856016
mrentabilidad	0.015645066219354	0.0196858990345577	0.0237191128721589
chomebanking_transacciones	0.0154654661684073	0.021478321388228	0.0265808155852732
cliente_antiguedad	0.0146862476604053	0.0196439591826287	0.0251499642287161
Master_mfinanciacion_limite	0.0139481627034834	0.0160441106855605	0.021976409296865
mtransferencias_recibidas	0.0122009783431002	0.0154235061358825	0.020252049969732
Visa_mpagospesos	0.0119731902889471	0.0160410803565606	0.021160090253701
Visa_mfinanciacion_limite	0.0113770048298911	0.0158866560862185	0.0192614605690386
mcomisiones_otras	0.0112420100791339	0.0114998859247293	0.0177939207161594
ctarjeta_visa_transacciones	0.0104620605596741	0.0134104809003418	0.0131161374351072
Visa_msaldopesos	0.010380377410545	0.0129106663629541	0.0145745051639059
cprestamos_personales	0.0103062253257711	0.0130893825503861	0.0045585456680058
Visa_mconsumospesos	0.0102705828629672	0.00983445928033004	0.0181699778034597
mcomisiones	0.00997466372263396	0.0125576312742818	0.0162530038706364
mcomisiones_mantenimiento	0.0097549147080051	0.0155153496063108	0.0112358519986058
Visa_msaldototal	0.0096939844324212	0.00834208138997879	0.0124190560049896
Master_status	0.00935228387312356	0.00395066786888117	0.00108231064149836
mcaja_ahorro_dolares	0.00923290129296344	0.0138235800809795	0.0151248326087355
Visa_cconsumos	0.00849389456699626	0.00984076812396474	0.0138315631133858
Master_mlimitecompra	0.00791865518504505	0.0155745262146087	0.0139324564782712
ccomisiones_otras	0.00778642266064998	0.0178477619430539	0.0129968998220608
mtransferencias_emitidas	0.00778568123997011	0.015086632684531	0.0131436538073487
mautoservicio	0.00736056058662496	0.0123978838621172	0.0139416286023517
mttarjeta_visa_debitos_automaticos	0.00705114447705863	0.010048926872492	0.0128593179608534
Visa_mlimitecompra	0.00685926064784543	0.0111172488024899	0.0117311466989525
Visa_status	0.00670539320650492	0.0101947575832132	0.00208207216627227
mcuenta_debitos_automaticos	0.0061126821806068	0.0155748557206431	0.00965824665676077
ctransferencias_recibidas	0.00576687429045354	0.00721008664327379	0.0099425825032561
ccaja_seguridad	0.00534311649625501	0.0104843078425954	0.00194449030506485
ctarjeta_visa	0.00516995845479922	0.000267524048314969	0.000311852218736815
ctarjeta_debito_transacciones	0.00508378054359447	0.00945813593023441	0.0115293599691817
Visa_mconsumosdolares	0.00448068959338762	0.00715880445038285	0.00704419129381982
ccomisiones_mantenimiento	0.00439320453158422	0.00811580262585161	0.00422834920110799
Master_mpagospesos	0.00437810928671424	0.0120868076353375	0.00760369086272999
Visa_mconsumototal	0.00436507443180502	0.00364865059379226	0.00693412580485389
ctarjeta_master	0.00415362094813619	0.000185856188916252	0.000357712839139288
mpagomiscuentas	0.00414572649031472	0.0101364452241828	0.00695247005301488
ccajas_consultas	0.00405721405217802	0.00845594367871075	0.0023664080127676
Master_msaldopesos	0.0039793600153138	0.00641267007084326	0.00609029038944839
Master_msaldototal	0.00370453827843975	0.00753632578021671	0.00547575807605525
Master_mpagominimo	0.00344104321014907	0.00775553283791378	0.00563168418542366
cmobile_app_trx	0.00331031357199653	0.00323406863599994	0.00550327444829674
ccallcenter_transacciones	0.00328128284989964	0.0100076227982319	0.00361381688771486
ctarjeta_debito	0.00326153972428999	0.00426498036593234	0.00523728284996239
ctransferencias_emitidas	0.00320517976651612	0.00870290281889512	0.0057325775503091
internet	0.00317145862699511	0.00822960542043848	0.00302680094656321
thomebanking	0.00307406803778507	0.00275657531615041	0.00357712839139288
mextraccion_autoservicio	0.00306172760633124	0.00455171503849516	0.00565002843358465
Master_fultimo_cierre	0.00305567740230775	0.00917631955767831	0.00564085630950415
ccaja_ahorro	0.00294527174413206	0.00715913923696265	0.00264157173518243
ctarjeta_visa_debitos_automaticos	0.00294044649098433	0.00457483221024675	0.00525562709812338
tcallcenter	0.00283340145185806	0.00231755569821446	0.00171518720305248
cpagomiscuentas	0.00240437164333607	0.0029613157916074	0.00407242309173959
Master_mconsumospesos	0.00235776097112324	0.00577807101968602	0.00416414433254453
Visa_fultimo_cierre	0.00223767369436566	0.00314343617065525	0.00389815273421019
cdescubierto_preacordado	0.0022001713160445	0.00568526508184534	0.00158677746592556
matm	0.00177977659947296	0.00452071119613656	0.00331113679305854
ccuenta_debitos_automaticos	0.00165626608377014	0.00423666784155751	0.00332030891713903
ccajas_transacciones	0.00162320125466303	0.00137678780715697	0.000678737181956597
mplazo_fijo_dolares	0.00158279373739118	0.00724013329876543	0.00176104782345496
cextraccion_autoservicio	0.00152263243364675	0.00238396524559604	0.00282501421679233
mtarjeta_master_consumo	0.00150316694922766	0.0031871488777009	0.00199952304954781
tmobile_app	0.00133620881610931	0.00383396605485723	0.0008438354154055
Master_cconsumos	0.00115857097830188	0.00124642839045171	0.00199035092546732
catm_trx	0.00114786962989066	0.00470963467787069	0.00243061288133106
Visa_mpagado	0.00114649137512192	0.00464596432541805	0.00221965402747968
ctarjeta_master_transacciones	0.000965910085114943	0.00155267538242421	0.00121072037862528
Visa_msaldodolares	0.000853985430924417	0.00388802475853143	0.00178856419569644
Visa_mpagosdolares	0.000755914007949792	0.00281800038068931	0.00149505622512061
Master_mconsumototal	0.000749570400425628	0.00182593938361368	0.00143085135655715
matm_other	0.00073014931911519	0.00330082529123398	0.00169684295489149
catm_trx_other	0.000683195172163749	0.00430074831637132	0.00133913011575221
ccajas_otras	0.000478522791803664	0.00646982810264424	0.00122906462678627
active_quarter	0.000472801702394519	0.00107033487391298	0.000871351787646983
mttarjeta_master_debitos_automaticos	0.000456351044215013	0.00386744823320089	0.0010089336488544
cseguro_vivienda	0.000447788926233514	0.00172865976769087	0.00082549116724451
Master_mconsumosdolares	0.000368266418691189	0.000230388436611503	0.000531983196668685
cseguro_accidentes_personales	0.000328874335329563	0.0015003803809212	0.000797974795003027
cplazo_fijo	0.000254437518209266	0.000818385266267785	0.000293507970575826
cseguro_vida	0.000251399419686919	0.00199125495490827	0.000504466824427201
ctarjeta_master_debitos_automaticos	0.0001864827234264	0.00010440307169806	0.000183442481609891
ccajas_extracciones	0.000174412419592913	0.00320090153019983	0.000660392933795608
tcuentas	0.000158394577620027	0.00268379426266177	0.000476950452185717
ccheques_depositados	0.000118071705568511	0.000402373336774991	0.0000642048685634619
Master_mpagosdolares	0.0000896903563095548	0.0000620270467170867	0.000210958853851375
Master_mpagado	0.0000856521110179975	0.00187747011417584	0.00042191770770275
cinversion2	0.0000716909289625963	0.000685889340884489	0.000110065488965935
mcheques_depositados	0.0000691952029040075	0.000231900784820571	0.0000458606204024728
cinversion1	0.0000585705827683456	0.000747264768296412	0.000119237613046429
Master_msaldodolares	0.0000556901301070931	0.0000939324541975277	0.0000917212408049456
Visa_delinquency	0.0000523242439907389	0.000484043660428238	0.000210958853851375
ctarjeta_visa_descuentos	0.0000445405724623256	0.00100182754185313	0.000192614605690386
mtarjeta_visa_descuentos	0.0000301716877293039	0.000726227075332292	0.000146753985287913
Master_madelantopesos	0.0000277266446342073	0.000015910987431381	0.0000550327444829674
Visa_Finiciomora	0.0000212678555162847	0.00132434354223668	0.000229303102012364
minversion2	0.0000203128675540998	0.000229927621014281	0.0000366884963219782
Master_cadelantosefectivo	0.0000196810622844124	0.00000555795007559446	0.0000183442481609891
mcaja_ahorro_adicional	0.000017798367990319	0.000365614051941985	0.0000825491167244511
cseguro_auto	0.0000146496887628765	0.000840611081952018	0.000146753985287913
Visa_madelantopesos	0.0000129341696367474	0.0000505334115499925	0.0000642048685634619
Master_delinquency	0.00000968812564571862	0.00000495561586104277	0.0000275163722414837
cforex	0.000000249530798702068	0.00000954511390611022	0.00000917212408049456
Visa_madelantodolares	0.000000000014919813113386	0.00000659399308753229	0.00000917212408049456
