Feature	Gain	Cover	Frequency
ctrx_quarter	0.139939412725619	0.0220409164829143	0.0283781796794589
mcaja_ahorro	0.0486927694368139	0.0152097479437094	0.0250514630201441
mcuentas_saldo	0.0377724947273655	0.0215870562503768	0.0288560505807969
mpasivos_margen	0.0376286682506922	0.018389068987384	0.0242519482429055
cpayroll_trx	0.0301260176449554	0.00475580460361057	0.00258234083223055
mrentabilidad_annual	0.0294536377625267	0.0272613596552464	0.0328352448169387
mprestamos_personales	0.0265655401940685	0.0223731342363473	0.0075816056462285
mpayroll	0.0264058805866823	0.0120734332951935	0.00675452139391266
cliente_edad	0.0248216973013964	0.0353737623184967	0.0386707837082782
mcuenta_corriente	0.0243650506914492	0.0201474843325527	0.0235719011910013
mtarjeta_visa_consumo	0.0242977502926946	0.0109042664968132	0.0123603146596089
Master_Fvencimiento	0.0198031877196976	0.0220058665734147	0.0306480664608146
Master_fechaalta	0.0192987816804179	0.0220372422020413	0.0305929275106602
Visa_mpagominimo	0.0184668742720692	0.0178355247126406	0.020502499632407
Visa_Fvencimiento	0.0183459880812551	0.0250751104682624	0.0298209822084988
mactivos_margen	0.0180546702600302	0.0250956222714047	0.0250330833700926
numero_de_cliente	0.0173704421886524	0.0258728786762866	0.0304550801352742
Visa_fechaalta	0.016508059044347	0.0147472926943194	0.0243162770180856
Visa_msaldopesos	0.0163154895473298	0.0132325151706032	0.0144372151154242
mrentabilidad	0.0162098695311917	0.0189482091173138	0.0233145860902808
cproductos	0.0158712082031588	0.0111646190596058	0.011569989707396
chomebanking_transacciones	0.0154099573029612	0.0232241453916713	0.0274775768269372
cliente_antiguedad	0.0151410278390047	0.0193043631712099	0.0250055138950154
Visa_status	0.0139759804975052	0.010631766009993	0.00230664608145861
Master_mfinanciacion_limite	0.0134470466394303	0.015980481479799	0.0222026172621673
mtransferencias_recibidas	0.0125843512539789	0.0134127646108402	0.0199970592559918
Visa_mpagospesos	0.0125787072348654	0.0175890453394253	0.0222669460373474
Visa_mfinanciacion_limite	0.0118454441403492	0.0164976533994472	0.0202543743567123
ctarjeta_visa_transacciones	0.011202140337497	0.0140500296479532	0.0139685340391119
Visa_mconsumospesos	0.0110635194823326	0.0105474767261862	0.0190964564034701
mcomisiones_otras	0.0108808354688964	0.0114703646818086	0.0173595794736068
Visa_msaldototal	0.0105398980651133	0.00865929812200198	0.0127922364358183
Master_status	0.0102549241121141	0.00418215838183519	0.0011671077782679
cprestamos_personales	0.00989464009435936	0.0136054909154167	0.00465005146302014
mcomisiones_mantenimiento	0.00929044537473818	0.0155076070900093	0.0109818409057492
mcomisiones	0.00892087983599777	0.0123360873847451	0.0157881193942067
mcaja_ahorro_dolares	0.00870594932000044	0.0142122823591537	0.0145566828407587
ccomisiones_otras	0.00844518463808164	0.0176151691809136	0.0134630936626967
Visa_cconsumos	0.00821555671749149	0.00912446018075977	0.0133252462873107
Master_mlimitecompra	0.00795110011832562	0.0157658896155886	0.0139593442140862
mtransferencias_emitidas	0.00761353682059113	0.0158116288538937	0.0135733715630054
mautoservicio	0.00709318026771532	0.0121458501204958	0.0142993677400382
mttarjeta_visa_debitos_automaticos	0.00662248967975325	0.0104824014264735	0.0118916335832966
Visa_mlimitecompra	0.00650592487292051	0.00989541922566207	0.011294294956624
mcuenta_debitos_automaticos	0.00587813933063789	0.0145032773830759	0.00916225555065432
ccomisiones_mantenimiento	0.00575120605485124	0.00821969806764387	0.00410785178650199
ctarjeta_master	0.00571800217047844	0.000143864771868071	0.000294074400823408
ctransferencias_recibidas	0.00567211612020189	0.00694294491980285	0.00952065872665784
ccaja_seguridad	0.00544716870890916	0.010380616387966	0.00193905308042935
ctarjeta_debito_transacciones	0.0052915153063561	0.0101122130550185	0.0115607998823702
Master_mpagospesos	0.00466736263926355	0.0116235963368865	0.00782973092192325
Visa_mconsumosdolares	0.00452078409997447	0.00644714462160935	0.00703940596971034
ccajas_consultas	0.00435506120295211	0.00900996854740638	0.00245368328187031
mpagomiscuentas	0.00421397590159249	0.00978439184391308	0.00710373474489046
ccallcenter_transacciones	0.00406916903800596	0.0103637911789703	0.00384134686075577
Master_msaldopesos	0.0037631453318618	0.00683683370053175	0.0060377150419056
Visa_mconsumototal	0.00373301786999778	0.00359192653218964	0.00635935891780621
Master_msaldototal	0.00362496123790553	0.00674124857123764	0.00528414938979562
Master_mpagominimo	0.00355865392192035	0.00736540947066799	0.00563336274077342
ctarjeta_debito	0.00353569374684159	0.00496173742194527	0.00612042346713719
cmobile_app_trx	0.00325141197492006	0.00293873972856304	0.00534847816497574
ctransferencias_emitidas	0.00321608494142608	0.0089413491357141	0.00600095574180268
thomebanking	0.0031688796103196	0.00321743484747935	0.00353808263490663
internet	0.00312130977656634	0.00837546484987329	0.00299588295838847
Master_fultimo_cierre	0.00309235790216752	0.00859577253573673	0.00574364064108219
ccaja_ahorro	0.00297041260443629	0.00713199518446722	0.00262828995735921
ctarjeta_visa_debitos_automaticos	0.00285029311135697	0.00435276230706896	0.00518306131451257
Master_mconsumospesos	0.00273444417785745	0.00534560021155921	0.00463167181296868
cpagomiscuentas	0.00261160481775335	0.00283899200914166	0.00397000441111601
cdescubierto_preacordado	0.00247968441747253	0.00605111068865168	0.00170011762976033
mextraccion_autoservicio	0.00243979788439627	0.00406158962019763	0.00499007498897221
Visa_fultimo_cierre	0.00223048495614313	0.00347556011496301	0.00401595353624467
ctarjeta_visa	0.002087234033482	0.000199290686691457	0.000238935450669019
tcallcenter	0.00199901148426534	0.00183667042124533	0.00141523305396265
matm	0.00171283344403985	0.00416755624645467	0.00341861490957212
ccuenta_debitos_automaticos	0.00166113257685216	0.0041815332193389	0.00295912365828555
cextraccion_autoservicio	0.00156607942932758	0.0027730998116707	0.00293155418320835
mplazo_fijo_dolares	0.00145064990572238	0.00706559356927277	0.00163578885458021
ccajas_transacciones	0.00135713500061414	0.00177598286866473	0.000771945302161447
mtarjeta_master_consumo	0.00132597028838348	0.00288920166941662	0.00194824290545508
tmobile_app	0.00131139252689492	0.00342008846512302	0.000735186002058521
Master_cconsumos	0.00128446386903222	0.00134592736046557	0.0020401411557124
Visa_mpagado	0.00113677672370563	0.00408133448229217	0.00212284958094398
catm_trx	0.00111537703248916	0.00383301585779343	0.0023342155565358
ctarjeta_master_transacciones	0.00106052239876085	0.00178316045181014	0.00144280252903985
Visa_msaldodolares	0.000886276529589283	0.00389576570781538	0.00171849727981179
Visa_mpagosdolares	0.000846139240014106	0.00253996591630253	0.00146118217909131
matm_other	0.000810470254897137	0.0032006131565619	0.00171849727981179
Master_mconsumototal	0.000764050277289923	0.00201598827437482	0.00142442287898838
catm_trx_other	0.000734744171672044	0.00442098100965416	0.00139685340391119
ccajas_otras	0.000489559574167309	0.00612962504709172	0.00124062637847375
mttarjeta_master_debitos_automaticos	0.000447126970069969	0.0047894381348265	0.0011946772533451
active_quarter	0.000416666284847707	0.000762732722645219	0.000725996177032789
cseguro_vivienda	0.000350107442308719	0.00174454954355562	0.000725996177032789
cseguro_accidentes_personales	0.00033737647284389	0.00130537623208327	0.000799514777238641
cplazo_fijo	0.000308655487256454	0.00098057212484293	0.00030326422584914
cseguro_vida	0.00028857725457445	0.0017067495523264	0.000505440376415233
Master_mconsumosdolares	0.000232969123949465	0.000157645787796509	0.000450301426260844
tcuentas	0.000198995123676924	0.00321128665401551	0.000569769151595354
ccajas_extracciones	0.000185466750371946	0.00377933244710293	0.00079032495221291
Master_mpagado	0.000159617740536331	0.0015742302308483	0.000496250551389502
Master_mpagosdolares	0.000136643317489617	0.0000944998021691399	0.000257315100720482
ctarjeta_master_debitos_automaticos	0.000107430805092671	0.000121482758354153	0.000147037200411704
mcheques_depositados	0.0000999252711870171	0.000344667528570261	0.0000551389501543891
ccheques_depositados	0.0000964426499980279	0.000344667528570261	0.0000551389501543891
cinversion2	0.0000638638253808742	0.000631890469045479	0.000101088075283047
cinversion1	0.0000636833801554021	0.000804224233330609	0.000128657550360241
ctarjeta_visa_descuentos	0.0000553115546679395	0.00128328023832709	0.000248125275694751
Visa_delinquency	0.0000547392433575035	0.000470966184173581	0.000266504925746214
minversion2	0.000054479710489628	0.000348054734262056	0.0000735186002058521
Master_madelantopesos	0.0000506785234359933	0.0000115139663357989	0.0000275694750771945
mtarjeta_visa_descuentos	0.0000425385774479628	0.000852040193197699	0.000174606675488899
mcaja_ahorro_adicional	0.000040007061607162	0.000420646056243114	0.000110277900308778
Master_msaldodolares	0.0000361540274168948	0.0000215760217980998	0.0000643287751801206
Master_cadelantosefectivo	0.0000333230675803041	0.00000679516804497542	0.000018379650051463
Visa_madelantopesos	0.0000256261425546325	0.0000166338255415212	0.0000459491251286576
Visa_Finiciomora	0.0000170010434295022	0.00113584989420243	0.000202176150566093
cseguro_auto	0.0000119176345306598	0.000949715060943122	0.000156227025437436
Master_delinquency	0.000011775868685731	0.00000799061101763016	0.0000275694750771945
Master_madelantodolares	0.00000822014213048748	0.00000364191455353795	0.00000918982502573151
cforex	0.00000191162872411412	0.0000247732512670481	0.000018379650051463
