num_iterations	num_leaves	min_data_in_leaf	min_sum_hessian_in_leaf	y	dob	eol	error.message	exec.time	ei	error.model	train.time	prop.type	propose.time	se	mean	iter
5335	1790	96	0.0081844666176451	0.931821611702191	123			208.27	-0.000118832013342708		0.136999999998807	infill_ei	0.712999999999738	0.000409781568647719	0.931370375116284	139
5470	2176	90	0.00818746878033586	0.931469115608624	94			218.340000000002	-5.72675897038154e-06		0.069999999999709	infill_ei	0.923999999999069	0.000807808286605714	0.929505365530732	110
3486	2884	262	0.00290875444868485	0.931174817306146	50			89.0709999999999	-5.01181452659945e-06		0.0419999999994616	infill_ei	0.55199999999968	0.000693104732590398	0.929687328920376	66
7486	1361	94	0.00641343673004532	0.931114706811989	46			265.457	-3.82510061662989e-06		0.0379999999986467	infill_ei	0.512000000000626	0.000645061886042916	0.929683521234746	62
5458	812	116	0.0047803041701198	0.931058357860299	2			196.04	-0.000139172021816016		0.0210000000001855	infill_ei	0.410999999999603	0.000239735694624449	0.930815104635423	18
6125	1089	91	0.00818096366230106	0.930892136032378	119			227.329000000002	-0.000120359157275941		0.0939999999973224	infill_ei	0.702000000001135	0.000460234099792135	0.931324685070791	135
2237	3273	114	0.00112909985374514	0.930858609659283	134			85.2039999999979	-1.00664828223827e-06		0.110000000000582	infill_ei	0.751000000000204	0.000831920552237202	0.929609256289922	150
7486	1080	208	0.00640360382206091	0.930848085739733	108			212.054	-1.92780266143135e-05		0.164000000000669	infill_ei	0.697000000000116	0.000628691266414629	0.930538604003087	124
5508	1484	70	0.00818237399575376	0.930816023000888	103			229.185000000001	-6.44218966355932e-05		0.0730000000003201	infill_ei	0.661999999996624	0.000360611292430284	0.931265583540432	119
4279	1844	158	0.0055408578287066	0.930767773335029	126			137.891	-1.04986636332581e-06		0.080999999998312	infill_ei	0.739000000001397	0.000837654898201246	0.929603125324055	142
5516	786	132	0.0048145764812785	0.930737880897107	0			188.39				initdesign				10
5088	749	57	0.00818847197270468	0.930659939353244	113			222.462000000003	-7.09881241536376e-05		0.0930000000007567	infill_ei	0.746999999999389	0.00041214390924909	0.931227149935873	129
6584	174	87	0.00478809797500175	0.930630837044525	39			222.054	-0.000694301584912343		0.0260000000016589	infill_ei	1.99699999999939	0.000405294495332541	0.931745148443556	55
6571	738	114	0.00369267283353199	0.930624918157575	7			232.485	-0.000120205217429495		0.0330000000003565	infill_ei	0.452999999999975	0.000322521966459995	0.931041063105073	23
7650	3776	50	0.00644802022884327	0.930619216895936	47			297.478999999999	-0.000318600281902824		0.485000000000582	infill_ei	0.565999999998894	0.00110946924513815	0.930839604056537	63
6241	2687	62	0.00306813510193515	0.930618034260134	132			266.372000000003	-9.71044262474597e-07		0.118999999998778	infill_ei	0.741000000001804	0.000828656574133933	0.92960973080637	148
3383	979	262	0.00287768841147559	0.930603000010738	56			86.5130000000008	-6.57515797308211e-05		0.0360000000000582	infill_ei	0.532000000001062	0.000385246223871734	0.930946468640247	72
6782	2003	91	0.00807112598086992	0.930593666062243	81			252.777	-5.09099475203893e-06		0.161000000000058	infill_ei	0.643000000000029	0.000778409537026677	0.929543276480102	97
5533	547	254	0.00353866792067651	0.930551881804782	65			141.105000000001	-5.16325214184432e-06		0.0489999999990687	infill_ei	0.560999999999694	0.000762637736286064	0.929585907602403	81
5565	824	120	0.0046283512618719	0.930549713368959	42			199.287999999999	-0.000182985592616521		0.0470000000004802	infill_ei	0.5	0.000237876665652599	0.931201271613038	58
7801	2568	93	0.00819842317087617	0.930535796090155	116			269.083999999999	-4.42329899481346e-06		0.162000000000262	infill_ei	0.713000000003376	0.000799276988336172	0.929745869093248	132
5515	1527	113	0.00267941357696808	0.930482582370347	19			206.564	-0.000111512409619757		0.0340000000005603	infill_ei	0.447999999999411	0.000310806808907871	0.931032539612454	35
5543	731	84	0.00457762851562933	0.930477819664041	1			219.291	-8.39628823111501e-05		0.0210000000001855	infill_ei	0.644999999999982	0.000319397174372943	0.930638800067116	17
3118	3595	167	0.00481457618177003	0.930476214665723	95			99.7659999999996	-2.55127728113555e-06		0.0980000000017753	infill_ei	0.64799999999741	0.000825445728256113	0.929523218878131	111
5090	2916	56	0.00651971408553876	0.930460598731836	118			232.117999999999	-2.98733688118551e-06		0.347000000001572	infill_ei	0.777999999998428	0.000822857538652796	0.929574144515287	134
6183	707	117	0.00484738843143112	0.930450309169879	13			221.284000000001	-0.000109042968238429		0.469000000000051	infill_ei	0.492999999999483	0.000321529455905125	0.931017869052674	29
4957	3438	176	0.00147413751544422	0.930450044449906	88			153.207	-5.66272323330884e-06		0.0880000000015571	infill_ei	0.632000000001426	0.00080503199473281	0.929508807002201	104
5492	2122	84	0.00819843286107755	0.930431660189855	104			220.954000000002	-6.72167219634466e-05		0.148000000001048	infill_ei	0.963999999999942	0.000361261381804673	0.931274434444539	120
4103	3244	94	0.00818620620706511	0.930419699622921	117			168.652999999998	-6.83274098492379e-05		0.112999999997555	infill_ei	0.759000000001834	0.000475231557595883	0.931138212475632	133
5209	2593	90	0.00614120103300836	0.930403168277535	0			202.963				initdesign				4
5514	958	118	0.0046587258329523	0.930374352012235	26			201.272999999999	-0.000100865837889414		0.0330000000003565	infill_ei	0.715000000000146	0.000354880834105486	0.930967757902277	42
3617	2919	210	0.0029179911292844	0.930371881206208	68			103.072	-9.86488146762333e-05		0.0429999999996653	infill_ei	2.15599999999904	0.000383798310094241	0.931049778910416	84
6126	360	323	0.00940917571544905	0.930363308091665	0			137.722				initdesign				8
6394	1471	122	0.00236960288220653	0.930360336394475	89			233.549000000001	-5.9052261775632e-06		0.42699999999968	infill_ei	0.729999999999563	0.00080640041940364	0.929517857362275	105
5823	835	51	0.00305824680514874	0.930298484916302	31			262.733	-4.48341995445555e-06		0.454999999999927	infill_ei	0.533000000000357	0.000653784144490801	0.929699291361752	47
2603	3659	296	0.00465872073320676	0.930280684811261	101			63.3139999999985	-2.42829057932503e-06		0.158999999999651	infill_ei	0.675999999999476	0.000810255902172638	0.929550648223659	117
6257	1404	147	0.00708700409323556	0.930273490469368	137			204.909	-1.00822633114678e-06		0.122000000003027	infill_ei	0.759999999998399	0.000830542890034842	0.92961374766074	153
6125	2300	99	0.00818017737973159	0.930263318105287	121			228.728999999999	-0.000243011015656043		0.421999999998661	infill_ei	0.797999999998865	0.000300472385842445	0.93166579413099	137
2738	3575	83	0.00395564599718744	0.930217655426565	23			124.657999999999	-4.75103701256508e-06		0.0159999999996217	infill_ei	0.467999999999847	0.000653498056035974	0.929713841222807	39
3863	2463	56	0.0070180560825939	0.930191979985134	79			199.097	-5.081617888963e-06		0.0749999999989086	infill_ei	0.869000000000597	0.000776546250412492	0.929547337602292	95
5661	2405	116	0.00618358016760337	0.930159722969821	9			206.253	-6.55206166802386e-06		0.0160000000000764	infill_ei	0.427999999999884	0.000679940562353835	0.929730827932457	25
4454	2604	320	0.00952453014091246	0.930146408353327	107			104.903000000002	-2.55397162652798e-06		0.0940000000009604	infill_ei	0.683000000000902	0.000812742255863703	0.929557691501972	123
3192	682	256	0.00232513623997065	0.930136786480102	25			80.5889999999999	-4.48434254304272e-06		0.0169999999998254	infill_ei	0.467000000000553	0.000641869483276328	0.929728413603913	41
7864	3145	159	0.0085932924823281	0.930126247285946	38			248.731999999999	-3.70336508265656e-06		0.0169999999998254	infill_ei	0.496000000000095	0.000651306483319925	0.929660426918241	54
3044	1732	113	0.00786644735496027	0.930114082778718	20			115.884999999999	-5.88859121361652e-06		0.0150000000003274	infill_ei	0.453999999999724	0.000673740218923649	0.929718170426061	36
4352	3429	267	0.00571356014144444	0.930078418093107	0			106.914				initdesign				7
7510	2921	197	0.00610167684774887	0.93007480487555	70			221.047	-5.13536320802342e-06		0.0579999999990832	infill_ei	0.594999999999345	0.000754316634567878	0.929604769289164	86
2841	804	118	0.00654713272492187	0.930062193136515	8			103.751	-6.41313900308181e-05		0.0330000000003565	infill_ei	0.65099999999984	0.000296245158612262	0.930927589569865	24
5089	814	126	0.00641343198077858	0.930061863323028	97			180.538999999997	-1.50157659150521e-05		0.209999999999127	infill_ei	0.662000000000262	0.000724328922601057	0.930275340464555	113
2080	3875	115	0.0058430916722459	0.930041534515599	10			78.9070000000002	-6.486974576384e-06		0.0139999999996689	infill_ei	0.44800000000032	0.000671483520422341	0.929747983733951	26
4852	1635	134	0.00220478434142101	0.930028709699852	82			171.994000000001	-5.43770946664528e-06		0.0879999999997381	infill_ei	0.647000000000844	0.000781621360456405	0.92955410523841	98
4719	3475	396	0.00961153507173278	0.930007215154335	12			103.782	-5.62310981849934e-06		0.0150000000003274	infill_ei	0.429999999999382	0.000649144860744343	0.929764922138201	28
5457	1303	130	0.00363207293738173	0.929993963601839	27			192.627	-0.000112412830098259		0.110999999999876	infill_ei	0.510999999999513	0.000361287866587365	0.930989732874392	43
7447	1623	150	0.00339186850817552	0.929970262985718	0			230.405				initdesign				2
4104	3786	77	0.00728642461636949	0.929969185921244	0			185.615				initdesign				15
7340	1717	159	0.00641605526786968	0.929963424594056	130			231.087	-9.2348467168135e-06		0.0939999999973224	infill_ei	0.720000000001164	0.000582667523814535	0.930797181353176	146
2463	1841	187	0.00478810170916398	0.929962171304454	102			73.3240000000005	-6.17570839706711e-06		0.123999999999796	infill_ei	0.682000000000699	0.000742711005007252	0.92997790723426	118
5926	3269	59	0.00284309030107543	0.929942784409236	45			260.358	-3.93883071984184e-06		0.0189999999984138	infill_ei	0.507000000001426	0.000649539033489668	0.929679200181811	61
4422	343	354	0.0066904275297697	0.929923238165735	109			98.1729999999989	-2.78606952995413e-06		0.0409999999974389	infill_ei	0.978000000002794	0.000816020662087043	0.929572845623674	125
6541	3990	97	0.00720524736607551	0.929917771585778	67			244.436	-5.27020813129185e-06		0.0560000000004948	infill_ei	0.570999999999913	0.000762399198760264	0.929592186045581	83
5330	761	112	0.00503302762846448	0.929911769867046	11			199.362	-5.80225550940491e-05		0.0520000000005894	infill_ei	0.44800000000032	0.000236732562063435	0.930973515412161	27
5510	87	116	0.00414964984091787	0.929901054604803	40			143.994000000001	-9.76470969322363e-05		0.0400000000008731	infill_ei	0.515000000001237	0.000224956833295632	0.931073742868458	56
6380	774	385	0.00955003812641905	0.929893478374337	99			138.935000000001	-2.49176369348743e-06		0.0819999999985157	infill_ei	0.658999999999651	0.000821112073016792	0.929528381430551	115
2247	2276	218	0.00291424749603343	0.929890100189816	0			59.6280000000001				initdesign				5
6284	3258	348	0.00225929155003271	0.929834503804267	128			144.039000000001	-1.0768836275994e-06		0.125	infill_ei	0.744000000002416	0.000837578270176636	0.929609956209078	144
5476	790	76	0.00469520162744654	0.929819707156178	6			222.24	-0.000124490304654003		0.0320000000001528	infill_ei	0.429000000000087	0.000283848921474067	0.931080190206564	22
3595	942	178	0.00906219803394824	0.92979833356219	115			106.924999999999	-2.86427338129146e-06		0.0900000000001455	infill_ei	0.690999999998894	0.000824303116346255	0.929558518394292	131
6267	491	135	0.00235882073733041	0.929792922263292	24			210.13	-4.83839451505518e-06		0.0149999999994179	infill_ei	0.464000000000851	0.000649962311996159	0.929726759535724	40
4331	856	126	0.00766157942574064	0.929779251152507	106			153.883000000002	-2.61519390346315e-06		0.0879999999997381	infill_ei	0.691000000002532	0.000815843134767128	0.929555860430496	122
4223	1019	114	0.00317763705548866	0.92977103028655	3			156.944	-5.03627529421301e-05		0.0329999999999018	infill_ei	0.416000000000167	0.000256086505097211	0.930929371815554	19
4976	1570	368	0.00119102202486679	0.929719145140642	105			111.137000000002	-2.68591362273197e-06		0.0780000000013388	infill_ei	0.677999999999884	0.000819098683549396	0.929554499724578	121
4356	3170	280	0.0028642637323754	0.929710751350963	57			110.139000000001	-0.000224972145450175		0.261000000000422	infill_ei	0.619999999998981	0.00040707206423876	0.931287582198952	73
7388	2460	278	0.00720524813063504	0.92969994628502	120			184.431999999997	-3.31783168363657e-06		0.0839999999989232	infill_ei	0.710999999999331	0.000827940229661833	0.92959047374467	136
6560	3672	381	0.0013807097699313	0.929669843392887	124			146.387000000002	-1.12445759425489e-06		0.0849999999991269	infill_ei	0.981999999999971	0.000842842796803654	0.929605748195733	140
4163	2402	138	0.00551405899859389	0.929664098942995	131			142.790999999997	-1.00190574840541e-06		0.105999999999767	infill_ei	0.748999999999796	0.000831477338353537	0.929609358421487	147
5747	1034	112	0.00524640760897144	0.929646384744472	4			207.88	-8.28652795421379e-05		0.0180000000000291	infill_ei	0.420000000000073	0.000299428064550772	0.930976253781904	20
2832	2454	72	0.00435916640441739	0.929625714439535	32			139.356	-4.67008591354165e-06		0.0180000000000291	infill_ei	0.481999999999971	0.00065254566101964	0.929712040160785	48
3470	2705	262	0.00286078981070482	0.929618597163244	60			88.5	-7.81912290804437e-05		0.0689999999995052	infill_ei	0.552999999999884	0.000387232894437507	0.930986340782767	76
2655	893	346	0.00217706587252666	0.929605959804606	77			60.2540000000008	-5.38176615637229e-06		0.0319999999992433	infill_ei	0.585999999999331	0.000779552794285242	0.929556207105189	93
4530	1170	131	0.00897357947619481	0.929556481049312	69			158.752999999999	-5.35291926935895e-06		0.0540000000000873	infill_ei	0.590000000000146	0.000758774820945768	0.929605344149162	85
5645	1478	157	0.00479613245725598	0.929555841137165	22			182.858999999999	-0.000103317085056294		0.0219999999999345	infill_ei	0.709000000000742	0.000436825569813544	0.93089126270279	38
3210	744	115	0.0047903059675514	0.929527975919326	14			118.494	-5.53739987306789e-05		0.0230000000001382	infill_ei	0.4350000000004	0.000342582844637831	0.930843878586291	30
5051	2573	255	0.00395890404016805	0.929527540578922	92			132.206	-6.09264442479212e-06		0.0750000000007276	infill_ei	0.637000000000626	0.00081310869789779	0.929510934599248	108
5978	30	471	0.00338234496159613	0.929524756731284	62			107.92	-5.4379781259919e-06		0.0540000000000873	infill_ei	0.587999999999738	0.000756657921117498	0.929614861187434	78
2210	3976	380	0.00589123421834938	0.92951949683569	72			51.6729999999989	-4.89250958582869e-06		0.524999999999636	infill_ei	0.648000000001048	0.000747500448764881	0.929608264954078	88
2727	3744	377	0.00234057091767929	0.929506342959518	0			59.548				initdesign				13
2976	2149	185	0.00443942060095363	0.929486308646156	91			88.6000000000004	-6.28727676857625e-06		0.0759999999991123	infill_ei	0.641999999999825	0.000816931578294765	0.929511166919561	107
6351	1741	105	0.00477968381727114	0.929481189069725	35			236.211	-6.1802701444352e-05		0.0259999999998399	infill_ei	0.738000000000284	0.000339076401967819	0.930871238322356	51
5267	1284	201	0.00989935935101885	0.929480296608296	74			150.191000000001	-4.63368869068784e-06		0.0310000000008586	infill_ei	0.57799999999952	0.000746480424890461	0.929596103918114	90
3804	2052	101	0.00775992227242394	0.92947893912657	34			152.974	-5.03874366752225e-06		0.0169999999998254	infill_ei	0.493000000000393	0.000673581126499587	0.929679579904948	50
7106	3162	387	0.00586854397903433	0.929473770922738	43			159.611000000001	-4.45836839110042e-06		0.0619999999998981	infill_ei	0.772999999999229	0.000656247621556696	0.929691932214771	59
4819	1323	282	0.00604065111764624	0.929464781442959	96			119.953999999998	-2.66179007714938e-06		0.130999999997584	infill_ei	0.665000000000873	0.000826638088812044	0.929531803361478	112
5407	858	184	0.00483291801257635	0.929446006479359	5			158.834	-7.89640052976403e-05		0.0239999999998872	infill_ei	0.635000000000218	0.000256849412515215	0.931007316484998	21
5484	3403	187	0.00864093395339937	0.929438856550267	71			164.109	-5.11376101259298e-06		0.0510000000012951	infill_ei	0.587999999999738	0.000751609275036728	0.929610234819238	87
5786	1802	286	0.00855143424618415	0.929431620140953	112			143.931999999997	-2.90275516680863e-06		0.127000000000407	infill_ei	0.717000000000553	0.000827600227916932	0.929553507052596	128
7180	810	127	0.0039154823915441	0.929430557237077	18			246.336	-0.00018807731381132		0.306000000000495	infill_ei	0.51299999999992	0.000322008289408964	0.931163906983793	34
6813	2170	219	0.00149825662617802	0.929422931015961	0			186.268				initdesign				14
4976	1829	414	0.00523716397690566	0.92941535768887	127			105.648000000001	-1.11712118770442e-06		0.0999999999985448	infill_ei	0.72700000000259	0.00084036254415758	0.92961132662698	143
3386	2626	146	0.00272247516709632	0.929403297491179	84			115.316000000001	-5.27799555375839e-06		0.0709999999999127	infill_ei	0.6200000000008	0.000779617457308718	0.929550519895823	100
5322	2238	92	0.00641471815688196	0.929395891347543	135			212.672000000002	-5.56343311413686e-06		0.218000000000757	infill_ei	0.806000000000495	0.000638221076944561	0.930551446875856	151
2377	3628	147	0.00898817602061914	0.929391459806885	37			79.1299999999992	-3.99929862932698e-06		0.0180000000000291	infill_ei	0.506999999999607	0.000656460096653891	0.92966559936269	53
6944	3040	298	0.00163827965226948	0.929352890823983	0			162.247				initdesign				3
2354	1498	328	0.00150697966427607	0.929351623321148	36			54.3999999999996	-4.31904564043411e-06		0.0190000000002328	infill_ei	0.488999999999578	0.000661376442410901	0.929671755755662	52
6215	3544	373	0.00928592606187487	0.929320261185439	16			139.116	-4.69975218346803e-06		0.0159999999996217	infill_ei	0.44800000000032	0.000629860944883241	0.929768484374246	32
5458	2020	292	0.00494335815652923	0.929320077638631	21			134.53	-2.87305594477715e-05		0.0199999999995271	infill_ei	0.453000000000429	0.000607653884513567	0.930279240818066	37
6695	1637	433	0.0096755648559191	0.929314158406652	61			141.52	-5.71925181766622e-06		0.0580000000009022	infill_ei	0.565999999998894	0.000760827900959469	0.929618817802971	77
7083	898	220	0.00981286986469895	0.929292002576085	53			193.606	-4.82672204403311e-06		0.043999999999869	infill_ei	0.542000000001281	0.000713881202772058	0.929687142779191	69
3720	3932	208	0.00108002952219456	0.929255972861193	136			105.464	-1.04403910626369e-06		0.153999999998632	infill_ei	0.753000000000611	0.000832776320129334	0.929616117030273	152
3340	596	173	0.00775919152971749	0.929239259298095	0			98.7760000000001				initdesign				11
7752	2913	281	0.00558811463223906	0.929220436286334	114			195.227999999999	-2.96436796859649e-06		0.0779999999977008	infill_ei	0.972000000001572	0.000826952217041985	0.929561139185826	130
2610	3183	286	0.00531030529066746	0.929207076188357	29			64.3860000000004	-4.8161063562388e-06		0.0169999999998254	infill_ei	0.478000000000066	0.00064709283077986	0.929732592517491	45
5142	960	361	0.00942912693680576	0.929204545719979	49			115.950000000001	-5.29788414361748e-06		0.0429999999996653	infill_ei	0.538000000000466	0.000695845928353899	0.929694872407883	65
3047	2980	239	0.00853826892626703	0.929184617626646	15			80.8339999999998	-5.17118587544663e-06		0.0159999999996217	infill_ei	0.444000000000415	0.000631036327048557	0.929787946599165	31
2893	887	273	0.00115510407673536	0.929171764274422	125			71.0319999999993	-1.08908031793996e-06		0.106999999999971	infill_ei	0.716000000000349	0.000839844594839093	0.929606206018569	141
5183	32	332	0.00309391232644947	0.929150720057405	52			95.2350000000006	-5.08402472592879e-06		0.022000000000844	infill_ei	0.816999999999098	0.000716152126453317	0.929695149088472	68
7525	1649	365	0.00363207269892312	0.929146171529298	44			169.132000000001	-4.16900897600742e-06		0.0429999999996653	infill_ei	0.507999999999811	0.000651271536378414	0.929688234618904	60
7063	3111	336	0.00422649590598702	0.929134765740571	66			165.681000000001	-5.51962163167523e-06		0.0619999999998981	infill_ei	0.577000000001135	0.000765384529155611	0.92959783320984	82
7961	2932	356	0.00865442775669996	0.929079982939593	0			182.449				initdesign				12
3616	1155	400	0.00663039727867922	0.928962339628016	87			77.3400000000002	-5.86739059175045e-06		0.0630000000001019	infill_ei	0.628999999998996	0.000807139262525329	0.929514164525477	103
7313	2508	256	0.00290798211153164	0.928944663240642	129			189.837	-4.89136868387346e-06		0.440000000002328	infill_ei	0.880999999997584	0.000651756101880408	0.930488288473673	145
4894	3353	340	0.0050330287178175	0.928921589485591	41			113.542000000001	-4.1447520383719e-06		0.0180000000000291	infill_ei	0.502999999998792	0.000649848630877315	0.929690370814516	57
6707	3897	350	0.00538772040022045	0.928920466185705	100			155.324999999997	-2.4504571399068e-06		0.0790000000015425	infill_ei	0.653999999998632	0.000818236655680377	0.929531556186584	116
7238	2868	381	0.00758133353807856	0.92888730015123	93			162.724	-5.91208752494621e-06		0.0360000000000582	infill_ei	0.626000000000204	0.00080933711414046	0.92951108835832	109
3010	1343	395	0.00971974306514756	0.928775691286578	0			62.914				initdesign				6
4676	1962	480	0.0051411776161089	0.928767439049922	0			93.6290000000001				initdesign				9
6407	1395	402	0.00118651728777531	0.928726255682644	30			139.274	-4.46526878995058e-06		0.0160000000005311	infill_ei	0.494000000000597	0.000644534494396887	0.929720914376843	46
4165	878	138	0.00945539753018522	0.928724551834575	83			142.299999999999	-5.41211950373252e-06		0.059000000001106	infill_ei	0.889999999999418	0.000779084692512355	0.929558948141346	99
3630	2951	263	0.00418153817063046	0.928723791797022	51			93.4759999999988	-6.53723120236727e-05		0.0599999999994907	infill_ei	0.529999999998836	0.000330462052802228	0.931009612387636	67
2671	1971	326	0.00505071458640919	0.928703845524768	59			62.6139999999996	-6.11748344256813e-06		0.0460000000002765	infill_ei	0.555000000000291	0.000763569128797868	0.929631185274835	75
7936	1845	366	0.00940306416953619	0.928700167816963	122			177.236999999997	-3.26212405560172e-06		0.136999999998807	infill_ei	0.711999999999534	0.000823915863363534	0.929596184153604	138
6413	2642	300	0.00133760396696525	0.928678665192757	98			157.101999999999	-2.55338580174332e-06		0.0720000000001164	infill_ei	0.932000000000698	0.000820820046105106	0.929535901043275	114
7582	494	152	0.00830263096929348	0.92867272113349	78			234.712	-5.20044175000429e-06		0.0319999999992433	infill_ei	0.591000000000349	0.000775367302137326	0.929556742080451	94
5134	1630	326	0.00741414851983797	0.928617751848838	111			121.416000000001	-2.95385310289224e-06		0.0800000000017462	infill_ei	0.697000000000116	0.000826651901059014	0.929560933679592	127
4384	442	269	0.00293383098023388	0.928614700871783	73			107.778	-0.000518604847940468		0.0420000000012806	infill_ei	0.582000000000335	0.000466549223776889	0.931656963554854	89
3351	3394	493	0.0028994476266003	0.928614473786414	63			69.3169999999991	-5.19058557805675e-06		0.0489999999990687	infill_ei	0.826000000000931	0.000751860239189255	0.929613706002223	79
3750	1553	414	0.00774455659115821	0.9285924245189	28			79.7599999999993	-4.54342328169391e-06		0.0180000000000291	infill_ei	0.46599999999944	0.000630501213748387	0.929759108052342	44
6008	1101	432	0.00678473983484749	0.928582219226442	0			111.153				initdesign				1
7447	1891	383	0.00138967649690684	0.928558141154418	55			166.653	-5.62778295026907e-06		0.0429999999996653	infill_ei	0.548999999999069	0.000745023847681624	0.929652474889475	71
2317	2088	248	0.00514093410905062	0.92853070782431	133			59.7259999999988	-1.01257504222775e-06		0.0499999999992724	infill_ei	1.03700000000026	0.000829972927500941	0.929616543667163	149
3225	2298	221	0.00812453493492055	0.928512827489232	80			92.2289999999994	-5.14683282848625e-06		0.0470000000004802	infill_ei	0.625	0.000775244972996631	0.929554123311492	96
3632	238	465	0.0043000986346266	0.928494371837678	0			71.4249999999997				initdesign				16
7388	3806	449	0.00108762526412356	0.928389066242129	64			156.316999999999	-5.11519659539414e-06		0.0270000000000437	infill_ei	0.583000000000538	0.000755391960350615	0.92960105749304	80
7048	3116	295	0.00415799955756192	0.928207813346004	33			174.519	-4.32489147227841e-06		0.0169999999998254	infill_ei	0.475000000000364	0.000645830236724916	0.929710241708259	49
4292	676	278	0.00214139459934995	0.928162606915804	58			105.221	-5.80453095671779e-06		0.0630000000001019	infill_ei	0.568999999999505	0.000749049916314069	0.929651302786602	74
3490	3542	495	0.0042122216231304	0.928079548517684	17			70.5030000000006	-4.19150666307672e-06		0.0150000000003274	infill_ei	0.440999999999804	0.000624827348220767	0.929754477399595	33
3092	1745	489	0.00132365494840947	0.928073687726942	75			61.9510000000009	-4.44126368388723e-06		0.0309999999990396	infill_ei	0.590000000000146	0.000742420976120029	0.929594817170228	91
2327	2342	454	0.00760392536738945	0.928043115078696	48			48.0949999999994	-4.54444802676859e-06		0.0419999999994616	infill_ei	0.542000000001281	0.000669248464129342	0.929721090778187	64
2796	2426	481	0.00813160896553511	0.92796619140243	90			56.8730000000014	-6.08261190927377e-06		0.0689999999995052	infill_ei	0.625	0.000806711734575757	0.929525880972105	106
2671	3659	475	0.00491664014844111	0.927928880326909	85			55.5329999999995	-5.08149743243684e-06		0.0639999999984866	infill_ei	0.622000000001208	0.000775847873531793	0.929549047671777	101
5225	3222	471	0.00286426342804861	0.927721548127248	110			107.967999999997	-2.53210686610188e-06		0.181000000000495	infill_ei	0.724999999998545	0.000808300679634196	0.929567289552655	126
3061	696	465	0.00653244789269431	0.927655499344731	54			62.1499999999996	-4.56118692514234e-06		0.0290000000004511	infill_ei	0.527000000000044	0.00071026088508013	0.929681416109582	70
5513	1651	359	0.00522091008147814	0.927611134094026	86			125.046	-5.35605453988826e-06		0.0630000000001019	infill_ei	0.619000000000597	0.000788487366239775	0.929533006410908	102
7035	1089	413	0.00659519146756777	0.927563820629926	76			151.275000000001	-4.69401760238567e-06		0.0619999999998981	infill_ei	0.585999999999331	0.000755168342689521	0.92957810146206	92
