Feature	Gain	Cover	Frequency
ctrx_quarter	0.106054129925543	0.0200582237431366	0.0233553153725162
mcaja_ahorro	0.0477029078607256	0.014311277552564	0.0228574726908036
mpasivos_margen	0.0412909900835574	0.01778860511558	0.0235212629330871
mcuentas_saldo	0.0382110739443045	0.0213805479260231	0.0264073074647542
cpayroll_trx	0.0356118233251978	0.00825071641965468	0.0029365503109713
mtarjeta_visa_consumo	0.0306417489307799	0.00965549590185034	0.014790978224794
mprestamos_personales	0.030093462155213	0.0243908520814119	0.00738105888973867
mpayroll	0.0280310255626855	0.013625896622775	0.00750371578233452
mrentabilidad_annual	0.0240660452310735	0.0279282540685414	0.0275905857227377
mcuenta_corriente	0.0222917689052477	0.0143347590582344	0.0200075037157823
Visa_mpagominimo	0.0210097411106679	0.0153177509171115	0.0215226770949076
cliente_edad	0.0189511923938657	0.0280738978646759	0.0303611884731381
Visa_msaldopesos	0.0181524891621155	0.0137209421860065	0.0189035916824197
Master_status	0.0171588383774385	0.00399272454538512	0.00148631293380857
ctarjeta_visa_transacciones	0.0170351692041789	0.0179226756252227	0.0147981933361232
Master_fechaalta	0.0157880111138976	0.0165982274242359	0.0267392025858959
Master_Fvencimiento	0.0154778699172251	0.0170788801883886	0.0266021154706417
mactivos_margen	0.0149359846485074	0.0275411606639185	0.0223957055657369
Visa_mpagospesos	0.0144749346075461	0.0144891643088412	0.0214000202023117
Visa_fechaalta	0.014426819712864	0.0127629558566517	0.0235068327104287
mrentabilidad	0.0141552848772988	0.0141342779672693	0.0207795206280033
cprestamos_personales	0.0137032059607463	0.012841505744681	0.00467539214130074
Visa_Fvencimiento	0.0136813620811514	0.0172897409875438	0.0240479660601163
numero_de_cliente	0.0136566666297816	0.0198076604399628	0.0246396051891081
cproductos	0.0134935045976779	0.0111373736834264	0.0109813994429934
Visa_msaldototal	0.013437559143244	0.0110518238625	0.0179872725436154
mcomisiones	0.0131258852558683	0.013299466098163	0.0203033232802782
cliente_antiguedad	0.0130094878927539	0.017199369417968	0.0231677224779578
Visa_status	0.0120873312958177	0.0105093329090904	0.0021284578421045
mtransferencias_recibidas	0.011977416564408	0.0148077852929326	0.0194447250321072
mautoservicio	0.0119736860551755	0.0130986324464751	0.0156640066956233
chomebanking_transacciones	0.0117754883859344	0.0176449856590141	0.021840141993391
ccomisiones_mantenimiento	0.0112410603222778	0.00994543254553141	0.00514437437769665
Master_mfinanciacion_limite	0.0111301011546287	0.0142244947306369	0.0210825553038283
mcomisiones_otras	0.0107245832992498	0.0116180306142059	0.0188025801238113
Visa_mconsumospesos	0.0105670993131876	0.0102547119525065	0.0210609099698408
Visa_mfinanciacion_limite	0.00998115131739242	0.0132433333029308	0.0182109409948196
Master_mlimitecompra	0.00943009447084898	0.0120834665370511	0.0183480281100737
ctarjeta_debito_transacciones	0.00927184038207735	0.0119485841762166	0.0130665666171229
mcomisiones_mantenimiento	0.00839606805136902	0.0122942103501483	0.010620643876535
Visa_mlimitecompra	0.00828750277465656	0.0117183924726281	0.0153032511291649
mcaja_ahorro_dolares	0.00798211353572089	0.0122956699515408	0.0140261764239022
mtransferencias_emitidas	0.00780900326085694	0.0163791618960407	0.013586054632823
ccomisiones_otras	0.00774209343754645	0.0176597541071841	0.0123450554842061
Visa_cconsumos	0.00722562899498667	0.00854025595175793	0.0139468101992814
Visa_mconsumototal	0.0064084335561295	0.0061490138106237	0.0125254332674353
mttarjeta_visa_debitos_automaticos	0.00639738457919481	0.0102025034786293	0.0121718928123061
mcuenta_debitos_automaticos	0.00627699741827068	0.0149602831900289	0.00921369716734729
ccaja_seguridad	0.00599248710918398	0.0132373368860548	0.00217896362140868
cextraccion_autoservicio	0.00564771164366675	0.00368384032692938	0.00494956637180912
active_quarter	0.00522874248450035	0.000933043940252818	0.000714296021587613
Master_msaldototal	0.00500642200033315	0.00937050632613022	0.00767687845423455
ctarjeta_master	0.00488137443456711	0.000398340412191222	0.000418476457091733
ccajas_consultas	0.00482220101534653	0.0113291157556016	0.00256136452185457
ctransferencias_recibidas	0.00477182593582499	0.00743336175499464	0.00884572648955973
mextraccion_autoservicio	0.00468181617472563	0.00636222298470281	0.00823244202658047
mpagomiscuentas	0.00466291835270114	0.0128448348794338	0.00863648826101387
Master_msaldopesos	0.00444324484677579	0.00698295966239085	0.00753257622765119
Visa_mconsumosdolares	0.0043058391772829	0.0078097568647378	0.00754700645030953
Master_mpagospesos	0.00429943841649487	0.0113092255616579	0.00756865178429703
ctarjeta_visa	0.00406751218239126	0.000797837223553359	0.000598854240320928
Master_mpagominimo	0.00396536289480493	0.00903247046405157	0.00705637887992612
ccallcenter_transacciones	0.00363441193707583	0.00834379180946499	0.00331895121141719
ctransferencias_emitidas	0.00326898051819381	0.0105409101704864	0.00620499574308432
internet	0.00316645897071338	0.00815250069450536	0.00256857963318374
thomebanking	0.00293381948569135	0.00338453999095943	0.00344882321534221
ccaja_ahorro	0.00288453370442977	0.00777133383563343	0.00245313785191706
Master_mconsumospesos	0.00288168205620353	0.00683507486209806	0.00540411838554669
tcallcenter	0.00280636741659977	0.00290282185240424	0.00189757427957113
ctarjeta_visa_debitos_automaticos	0.00271540026563362	0.00543753313103256	0.00561335661409256
matm	0.00264970531260182	0.00473167771802921	0.00555563572345921
cpagomiscuentas	0.00257997260246977	0.00454400419659567	0.00501450237377163
cdescubierto_preacordado	0.00255537855579664	0.00775192889344831	0.00175327205298778
cmobile_app_trx	0.00250932914512156	0.00245281655086852	0.00442286324477987
mtarjeta_master_consumo	0.00245425903646302	0.00355052686131157	0.00290768986565463
ctarjeta_debito	0.00240446049331294	0.00347435163000548	0.00442286324477987
Master_fultimo_cierre	0.00229657748113877	0.00544473786965867	0.00427134590686734
ccuenta_debitos_automaticos	0.0020776947648024	0.00420047607947466	0.00433628190882985
Visa_fultimo_cierre	0.00192567713855628	0.00270860865007176	0.00362920099857141
Master_mconsumototal	0.00166721875074879	0.00441346987100309	0.0033838872133797
catm_trx	0.001619817549461	0.00452269029835124	0.00341996277002554
ccajas_transacciones	0.00152611795737309	0.00209789431220481	0.000894673804816808
mplazo_fijo_dolares	0.0015007003676454	0.0109957820920364	0.00233769607065037
Master_cconsumos	0.00145658820625585	0.00170538845946685	0.00282832364103378
tmobile_app	0.0014045031298047	0.00554803014870714	0.00101011558608349
Visa_mpagado	0.00112151468427546	0.00362664504188251	0.00203466139482532
ctarjeta_master_transacciones	0.00102715921252146	0.00259702895046831	0.00193364983621697
Visa_mpagosdolares	0.00098185981493681	0.00329101620801161	0.00199858583817948
matm_other	0.00089660330571873	0.00346430396991428	0.00206352184014199
Visa_msaldodolares	0.000884844944148651	0.00379727385491547	0.00179656272096278
catm_trx_other	0.000881568114219574	0.00640751005057112	0.00207795206280033
Master_mconsumosdolares	0.00052521485293238	0.000508825571005127	0.000981255140766822
mttarjeta_master_debitos_automaticos	0.000480212469173995	0.00514209045038997	0.00132036537323771
cplazo_fijo	0.000441589392896705	0.00185160660906985	0.000555563572345921
ccajas_otras	0.000360178793593636	0.00564874360632291	0.000974040029437654
cseguro_vivienda	0.00032178501625164	0.00263932149376072	0.000815307580195962
Master_mpagosdolares	0.00028703458830307	0.000266820839633175	0.000468982236395908
cseguro_vida	0.000282516804635541	0.0028351500652233	0.000671005353612606
tcuentas	0.000264488593229672	0.00330447056621469	0.00059163912899176
cseguro_accidentes_personales	0.000257873860554584	0.000758266769551022	0.000555563572345921
Visa_delinquency	0.000255257670833511	0.000638482340907585	0.000346325343800055
Master_madelantopesos	0.000244490002054805	0.000132086554302323	0.000331895121141719
ctarjeta_master_debitos_automaticos	0.000228629143440652	0.000422133773846461	0.000353540455129223
minversion2	0.000218993311904635	0.00251151470612393	0.000418476457091733
cprestamos_prendarios	0.00021246486541318	0.0033492031502189	0.000468982236395908
ccheques_depositados	0.000204129368250201	0.00129500970113937	0.000187592894558363
Master_msaldodolares	0.000164250534889217	0.000251357526329406	0.000252528896520873
mcheques_depositados	0.000163220686607341	0.00102127674828004	0.000151517337912524
Master_mpagado	0.000152798021777766	0.000476165948189954	0.000303034675825048
ccajas_extracciones	0.0001292400726891	0.00372482679299854	0.000671005353612606
Master_madelantodolares	0.000113884910597596	0.0000798207091802593	0.000144302226583356
Visa_madelantopesos	0.000110982913631791	0.000200589102750169	0.00039683112310423
cinversion1	0.0000996438185300521	0.00309172356719225	0.000440121791079236
mtarjeta_visa_descuentos	0.0000803423601524807	0.00145014731652048	0.000288604453166712
ctarjeta_visa_descuentos	0.0000781092488348151	0.0012138604790535	0.000238098673862538
ccheques_emitidos	0.00007593972864941	0.000470600616925048	0.0000649360019625103
Master_delinquency	0.0000679565821940499	0.0000626298483345725	0.000158732449241692
cinversion2	0.0000584164611632729	0.00208084896278473	0.00029581956449588
Visa_madelantodolares	0.000047046616179329	0.0000917475179241944	0.000202023117216699
Visa_Finiciomora	0.00003802527922855	0.000780886103999204	0.000137087115254188
mcheques_emitidos	0.0000377186792222862	0.00020705795099479	0.0000288604453166712
Visa_cadelantosefectivo	0.0000335962361976983	0.0000283663947402243	0.0000937964472791815
mprestamos_prendarios	0.0000294898815561522	0.000157002341095186	0.0000216453339875034
mtarjeta_master_descuentos	0.0000213591328762444	0.000173185198783298	0.0000577208906333425
mcaja_ahorro_adicional	0.0000199565188941287	0.000219058156471025	0.0000577208906333425
minversion1_pesos	0.0000181970255126422	0.000415311082840007	0.0000577208906333425
Master_cadelantosefectivo	0.0000163656039708132	0.0000216920997471118	0.0000505057793041747
cseguro_auto	0.0000106694748023504	0.000635983005892396	0.000101011558608349
cforex_sell	0.00000154170032797019	0.0000311404066094804	0.0000216453339875034
mforex_sell	0.00000119404676336912	0.00000863837872908032	0.00000721511132916781
ctarjeta_master_descuentos	0.00000096745634093759	0.0000113742499383201	0.00000721511132916781
cforex	0.0000000659035429786341	0.00000920055282713638	0.00000721511132916781
