Feature	Gain	Cover	Frequency
ctrx_quarter	0.105398251710174	0.0206398459347604	0.0244113448589102
mcuentas_saldo	0.0413297905110932	0.020567492075786	0.0270139719983274
mcaja_ahorro	0.0411523030618393	0.0141443939017891	0.0234596917220596
cpayroll_trx	0.036256989119307	0.00858617019337548	0.00331636699205514
mpayroll	0.0347924931393265	0.0152452059337088	0.00793044280708838
mpasivos_margen	0.0345116557586109	0.0166256619928858	0.0222701253009964
mtarjeta_visa_consumo	0.0337527501120858	0.00975407846445484	0.0148299280492553
mprestamos_personales	0.0301810911670564	0.0243819439774067	0.00767090104249275
mcuenta_corriente	0.0257739259124312	0.0150916268809587	0.0197251741092671
mrentabilidad_annual	0.0243111446924175	0.0275353438851089	0.0280305105763269
Visa_mpagominimo	0.0194618470455221	0.0151958408616107	0.0212463772295359
Visa_msaldototal	0.0187558061820911	0.00898603207009545	0.0157239052384179
cliente_edad	0.0183973641468617	0.0273842056076712	0.0297175320461984
ctarjeta_visa_transacciones	0.0181287799507751	0.0178555203940555	0.0162357792741482
Master_fechaalta	0.0164524700468811	0.0176938911601306	0.027958415641717
Visa_fechaalta	0.0154409268706091	0.0144273858075282	0.0246276296627399
Visa_msaldopesos	0.015343230591386	0.0137214524959243	0.01843467477975
Master_Fvencimiento	0.0151513649402188	0.0164196093063131	0.0263506985999164
mactivos_margen	0.0147402624227354	0.024043290955908	0.0217582512652661
ctarjeta_debito_transacciones	0.0147376645201116	0.0123248305738165	0.0131284875924618
cprestamos_personales	0.0145567338899826	0.0146687474610098	0.0053206061742102
Visa_status	0.0144817776122291	0.0112983690502922	0.00233587588136058
Visa_Fvencimiento	0.0141784010296983	0.0174951716630059	0.0247574005450377
numero_de_cliente	0.013430093872564	0.0193610196186746	0.0243680878981443
mautoservicio	0.0134063043598831	0.0135929665560366	0.0167764912837224
mrentabilidad	0.013300503269657	0.0153277855516956	0.0212103297622309
Master_status	0.0131153029901846	0.00456475498734732	0.00151399362680778
cliente_antiguedad	0.012257909088707	0.0165340762047551	0.0222701253009964
mcomisiones_otras	0.0118893662779995	0.0113085788335532	0.0191412051389269
Visa_mpagospesos	0.0118500039509758	0.0139536539730177	0.019775640563494
chomebanking_transacciones	0.0117197158552883	0.0176160662453016	0.0214410335529826
Master_mfinanciacion_limite	0.0117017434572121	0.0142208193407877	0.0213761481118337
cproductos	0.0110283313122385	0.00998377462419979	0.010215852234222
Visa_mfinanciacion_limite	0.0108821880522152	0.0147610486432921	0.019754012083111
mtransferencias_recibidas	0.0105901457548824	0.0138779784357939	0.0175046501232823
mcomisiones	0.0102150317322474	0.0126267984771732	0.0191484146323879
Visa_mconsumospesos	0.010095622082707	0.00934247217378593	0.0192133000735368
mcomisiones_mantenimiento	0.00925575728596646	0.0124199530738117	0.0109584300607039
Master_mlimitecompra	0.00862959449574124	0.011780015591605	0.0166250919210416
ccomisiones_mantenimiento	0.00817291164566304	0.0101386726349927	0.00533502516113218
Visa_mconsumototal	0.00812636677009273	0.00669527162034347	0.0137701325104898
Visa_mlimitecompra	0.00807018955569305	0.0114661042164358	0.0151183077876948
mcaja_ahorro_dolares	0.007724744674108	0.0118456998938481	0.0138350179516387
mtransferencias_emitidas	0.00755821952767972	0.017253559190226	0.0141161881966173
ccomisiones_otras	0.00749802723971506	0.0174288697382103	0.0125733565959656
Visa_cconsumos	0.00735400139230664	0.00877681842133333	0.0139431603535536
ctarjeta_master	0.00661878520594924	0.00035742229289196	0.000519083529191239
ctarjeta_visa	0.00640569072706021	0.000504678782233108	0.000410941127276398
mttarjeta_visa_debitos_automaticos	0.00619262880839182	0.00977801876708975	0.0119821781321644
mcuenta_debitos_automaticos	0.00606622613521357	0.0148297657821978	0.00878116303548513
ccaja_seguridad	0.00595693510571385	0.0134004587506055	0.00216284803829683
ctransferencias_recibidas	0.00529322611302931	0.00873322379067272	0.00988421553501651
Master_msaldopesos	0.00484941560081658	0.00660678193285113	0.00762764408172682
Master_msaldototal	0.00477069515446603	0.00871384168945239	0.00756275864057791
mpagomiscuentas	0.00465070188707264	0.0129642533173103	0.00879558202240711
Master_mpagospesos	0.00443508135955223	0.011835295525934	0.00793765230054936
ccajas_consultas	0.00431448434359816	0.0121893696208291	0.00260262713941718
mextraccion_autoservicio	0.0039921307237301	0.00628609140729553	0.00821882254552795
Visa_mconsumosdolares	0.00396827115548748	0.0076328990191734	0.00724554092829438
ccallcenter_transacciones	0.0038471280890974	0.00867039531376559	0.00339567142012602
Master_mpagominimo	0.00376969491546685	0.0095667468025059	0.00706530359176964
ctransferencias_emitidas	0.00372039121439302	0.0112273440543266	0.00700041815062074
internet	0.00325349722842493	0.00863244108192536	0.00258820815249521
ctarjeta_visa_debitos_automaticos	0.00306884398888006	0.00568552296948082	0.00604155552030914
ccaja_ahorro	0.00300716208431405	0.00824981768009105	0.00264588410018312
cpagomiscuentas	0.00292077176107102	0.0044259308191566	0.00527734921344426
matm	0.0027971635179356	0.00486980333510593	0.00545037705650801
thomebanking	0.00274059297182915	0.00305024703646407	0.00325148155090623
cmobile_app_trx	0.00265277676169103	0.00271426292400896	0.00464291378887719
Master_mconsumospesos	0.00264195128684796	0.00689150624908166	0.00532781566767119
tcallcenter	0.00261587147141081	0.0027564203760657	0.00183121133909132
cdescubierto_preacordado	0.00251432330530895	0.00832966352748326	0.00179516387178637
ccuenta_debitos_automaticos	0.0024824487833129	0.00455475001322041	0.00454198088042334
Master_fultimo_cierre	0.00240079130933875	0.00511608488101573	0.00422476316813981
mtarjeta_master_consumo	0.00226537322273836	0.00348495586135986	0.00296310181246666
ctarjeta_debito	0.00225557168234946	0.00321002627836665	0.00422476316813981
cextraccion_autoservicio	0.00206620623032944	0.00355275854825031	0.00441220999812553
Visa_fultimo_cierre	0.00202912899652576	0.00239628859572137	0.00351823280896284
Master_mconsumototal	0.00182684029738958	0.00493796867155517	0.00352544230242383
Visa_cadelantosefectivo	0.00179733940023655	6.59574875935845e-05	5.76759476879155e-05
catm_trx	0.00172639818639317	0.0038070963461205	0.00333799547243811
ccajas_transacciones	0.00166998535797722	0.0018476055645595	0.000793044280708837
ctarjeta_master_transacciones	0.00150277571872338	0.00194146566067206	0.0018384208325523
mplazo_fijo_dolares	0.00146078188627287	0.0110049293225949	0.0023214568944386
tmobile_app	0.0014556186563199	0.00542487059607746	0.00101653857799951
Master_cconsumos	0.0014258776594696	0.00205511044694246	0.00265309359364411
Visa_mpagosdolares	0.00115074854573111	0.00367803304257395	0.00227099044021167
Visa_mpagado	0.00102324498488735	0.00363552636058969	0.00196098222138913
matm_other	0.000989921397866131	0.00378239144401938	0.00221331449252376
catm_trx_other	0.000937302179391238	0.00558330787485504	0.0021844765186798
Visa_msaldodolares	0.000905242943788664	0.00351382628090398	0.00183121133909132
Master_mconsumosdolares	0.000593581148095784	0.000416007290688837	0.00103816705838248
mttarjeta_master_debitos_automaticos	0.000547657104136343	0.00565015137762615	0.00147073666604184
active_quarter	0.000513756026352743	0.000637156742902716	0.000728158839559933
cplazo_fijo	0.000478715197657438	0.00181579816286181	0.000612806944184102
ccajas_otras	0.000386575953402243	0.00612818676007257	0.00105979553876545
cseguro_vivienda	0.000361182289648948	0.00249921461128837	0.000850720228396753
cseguro_vida	0.000299819086512824	0.0027645088990441	0.000677692385333007
Master_mpagosdolares	0.000291193661254272	0.00025581555488284	0.000497455048808271
minversion2	0.000235446370733135	0.00247886789419318	0.000446988594581345
ccheques_depositados	0.000229488996018364	0.00143358629638584	0.000209075310368694
tcuentas	0.000217557132259493	0.00366900067219764	0.000612806944184102
cprestamos_prendarios	0.000211706408204212	0.00309963766976454	0.000432569607659366
cseguro_accidentes_personales	0.000192054141200702	0.000588716666815784	0.000418150620737387
Visa_madelantopesos	0.000169259888810055	0.000145312559900082	0.000295589231900567
ctarjeta_master_debitos_automaticos	0.000155671293714422	0.000320746760200832	0.000360474673049472
ccajas_extracciones	0.000137749812308288	0.00352629695251555	0.000670482891872017
Master_msaldodolares	0.000136958817819334	0.000347590495911181	0.000295589231900567
mcheques_depositados	0.000136670132837316	0.000916429493695468	0.000144189869219789
cinversion1	0.000107237300599167	0.00302325025305447	0.000439779101120355
Master_cadelantosefectivo	0.000106229525775238	7.68561452587357e-05	0.000108142401914841
Master_mpagado	0.000106076337025554	0.000481701178382868	0.000237913284212651
Master_madelantopesos	9.92828493078957e-05	7.2714910958002e-05	0.000187446829985725
mtarjeta_visa_descuentos	9.39781634283805e-05	0.0020848173568345	0.00037489365997145
Master_madelantodolares	8.31056740155302e-05	9.20219261463464e-05	0.000194656323446715
Visa_delinquency	8.22825910187735e-05	0.000463667430588122	0.000266751258056609
ccheques_emitidos	6.68710145494658e-05	0.000364547478055633	5.0466454226926e-05
mcheques_emitidos	5.31308367618817e-05	0.000260367685511847	3.60474673049472e-05
Master_delinquency	4.59522740802424e-05	4.16606061854609e-05	0.000115351895375831
Visa_madelantodolares	4.44317006482271e-05	7.33088893983279e-05	0.00012977088229781
cinversion2	4.3603690374417e-05	0.00183707626626875	0.00025954176459562
Visa_Finiciomora	3.82429335617766e-05	0.000886003355471437	0.000158608856141767
minversion1_pesos	3.7081684396215e-05	0.000726060841388654	0.000108142401914841
mtarjeta_master_descuentos	2.86709380037313e-05	0.000184176770545073	6.48854411489049e-05
ctarjeta_visa_descuentos	2.77022847709078e-05	0.000577486991579801	0.000115351895375831
mprestamos_prendarios	2.01872277246745e-05	0.000104343384239024	1.44189869219789e-05
mcaja_ahorro_adicional	1.92340847721015e-05	0.000224012626395569	5.76759476879155e-05
cseguro_auto	5.25144264425388e-06	0.000221491972325783	3.60474673049472e-05
cforex	5.2976705704958e-07	1.55520745585919e-05	1.44189869219789e-05
mforex_sell	4.25094293527515e-07	1.92958321623028e-05	2.16284803829683e-05
cforex_sell	2.35734455408326e-07	9.62858542185083e-06	7.20949346098943e-06
mcajeros_propios_descuentos	7.59568044839216e-08	8.90775951470979e-06	7.20949346098943e-06
