Feature	Gain	Cover	Frequency
ctrx_quarter	0.150171083085077	0.0226361325416873	0.0250041981528128
mcaja_ahorro	0.0560086844209092	0.0172395582365868	0.0251469353484467
mcuentas_saldo	0.0440448621476717	0.0209298219575364	0.0274139378673384
mprestamos_personales	0.03548150742029	0.0210086448257815	0.00787573467674223
mtarjeta_visa_consumo	0.0333213678365962	0.00923568726227024	0.0132997481108312
mpasivos_margen	0.032872369197658	0.0172564404342824	0.0220235096557515
mpayroll	0.0314369853986772	0.0154877235028961	0.00879932829554996
cpayroll_trx	0.029525264262993	0.00737830177200036	0.00333333333333333
mrentabilidad_annual	0.0278923056346842	0.0289635791037469	0.0331654072208228
cliente_edad	0.0211783296586055	0.031393278405573	0.0361293031066331
mcuenta_corriente	0.0198115136203731	0.0165827376546089	0.0224517212426532
Visa_mpagominimo	0.019100003846777	0.0176870949568287	0.0221158690176322
Master_fechaalta	0.0169124589710337	0.0195998805342065	0.0299244332493703
Master_Fvencimiento	0.0163624607909857	0.0176292801565123	0.0279093198992443
Visa_fechaalta	0.0159625411334303	0.0144661933212917	0.0248446683459278
Visa_Fvencimiento	0.0159085773427293	0.0192048909224577	0.0278841309823678
ctarjeta_visa_transacciones	0.0155954018107142	0.0170732495904323	0.0153064651553317
mrentabilidad	0.0151179078264418	0.0183489346386777	0.0240218303946264
mactivos_margen	0.0145221983122628	0.0237249448125551	0.0230646515533165
numero_de_cliente	0.0141707441067948	0.0234512135659838	0.0269773299748111
cliente_antiguedad	0.0125729576342983	0.0182003970088464	0.0226448362720403
chomebanking_transacciones	0.0125345406687627	0.0219771269341221	0.0243408900083963
Visa_msaldototal	0.0123502262932326	0.00872399176331242	0.0134089000839631
Master_mfinanciacion_limite	0.0123098429992014	0.0143624397364429	0.0209991603694374
Visa_msaldopesos	0.0118710489752313	0.014135842028121	0.0164903442485306
Visa_mpagospesos	0.011697859409822	0.0152553839191158	0.0212594458438287
cprestamos_personales	0.0111395621745134	0.00963431721801839	0.00470193115029387
mtransferencias_recibidas	0.0110179765457025	0.0147856311441966	0.0198572628043661
mautoservicio	0.010198091789588	0.0146670783038524	0.0169017632241814
mcomisiones_mantenimiento	0.0101113441718287	0.0140427265404503	0.011343408900084
Master_status	0.00981240224360909	0.00338972613307074	0.00115029387069689
cproductos	0.00973976837125892	0.0121490463100895	0.0117380352644836
mcomisiones_otras	0.00962867507890918	0.0113220023100866	0.0173719563392107
Visa_mconsumospesos	0.00938751135534166	0.0097989298306132	0.017968094038623
Visa_mfinanciacion_limite	0.00937042469559339	0.0122067083003973	0.0176658270361041
ctarjeta_master	0.00910261700106108	0.000204711849292244	0.000436607892527288
Visa_status	0.00871791460809914	0.00839869832389123	0.00188077246011755
mcomisiones	0.00845139437852832	0.0111457739313306	0.01575986565911
mcaja_ahorro_dolares	0.00792460056135574	0.0131942075355438	0.0143660789252729
Visa_cconsumos	0.00764878733069792	0.0103626733637267	0.0139210747271201
ccomisiones_mantenimiento	0.00755226423983937	0.010116496754897	0.00509655751469354
ccomisiones_otras	0.00749591344217055	0.0192233869198734	0.0139798488664987
mtransferencias_emitidas	0.0074342579537739	0.0175716739339809	0.0144668345927792
Master_mlimitecompra	0.00714799359617584	0.0106157692727616	0.0134592779177162
Visa_mlimitecompra	0.00646922061717505	0.00963612888306915	0.0120906801007557
mcuenta_debitos_automaticos	0.00642810084484785	0.0155117077426628	0.0105625524769102
mttarjeta_visa_debitos_automaticos	0.00632760872786289	0.00908459565732557	0.0122921914357683
ccaja_seguridad	0.00611027786519311	0.0125182277292056	0.00247691015952981
ctarjeta_visa	0.00564818450623548	0.000531299290167956	0.000461796809403862
ctarjeta_debito_transacciones	0.00535892518790269	0.0125469304899811	0.0130646515533165
ccajas_consultas	0.00483614625037855	0.0103279606010654	0.00276238455079765
ctransferencias_recibidas	0.00481836517475556	0.00721498946230372	0.00902602854743913
Master_mpagospesos	0.00473850695982896	0.0131934255263863	0.00874055415617129
mpagomiscuentas	0.00434018946164826	0.0116289843843912	0.00800167926112511
Visa_mconsumosdolares	0.00429231679685788	0.00814564431945668	0.00743912678421495
ccallcenter_transacciones	0.00391683374014196	0.00928614355175873	0.00376994122586062
Master_msaldopesos	0.00383983007157894	0.00636615412492584	0.00645675902602855
Visa_mconsumototal	0.00380639483431373	0.00373231609010787	0.0073215785054576
Master_msaldototal	0.003621203564999	0.00745638642612122	0.00588581024349286
Master_mpagominimo	0.00332119844416252	0.00756489634064064	0.00608732157850546
ctransferencias_emitidas	0.00330874346348106	0.0118897712054068	0.00688497061293031
internet	0.00324914828147308	0.00835909122994323	0.00314861460957179
ccaja_ahorro	0.00306225977838817	0.00858495671051252	0.00299748110831234
thomebanking	0.00290439351458256	0.00255683029741772	0.00350125944584383
mextraccion_autoservicio	0.00282664772964571	0.00507366438674176	0.00646515533165407
cmobile_app_trx	0.0026903059587209	0.00298967362641752	0.00495382031905961
ctarjeta_visa_debitos_automaticos	0.00263608197878102	0.00580092187574887	0.00558354324097397
ctarjeta_debito	0.00263174772432952	0.00427039699393714	0.00496221662468514
tcallcenter	0.00253814911479301	0.00244610889124764	0.00188916876574307
cpagomiscuentas	0.00250157436422091	0.00402824511716979	0.0046431570109152
cdescubierto_preacordado	0.00244959554231311	0.00803577392325219	0.00197313182199832
Master_mconsumospesos	0.00241392042967196	0.0059958655421596	0.00481947942905122
Master_fultimo_cierre	0.00224723965827219	0.00581782423806419	0.00432409739714526
matm	0.00208083438802872	0.00526660765986426	0.00429890848026868
mtarjeta_master_consumo	0.00190213396389032	0.004280688196642	0.00253568429890848
Visa_fultimo_cierre	0.0018732112027592	0.0024737848317796	0.00345927791771621
mplazo_fijo_dolares	0.0017088179979919	0.010014252995948	0.00240973971452561
cextraccion_autoservicio	0.00160553699642436	0.00264940764180029	0.00336691855583543
ccuenta_debitos_automaticos	0.00155149742260992	0.00358834637678188	0.00329135180520571
tmobile_app	0.00148227385126346	0.00551958856755241	0.00120906801007557
ccajas_transacciones	0.00142345463037041	0.00169843251929364	0.000890008396305626
Master_mconsumototal	0.00115171370180455	0.00410825265682192	0.00245172124265323
Master_cconsumos	0.00109319819728982	0.0012078225960214	0.00200671704450042
catm_trx	0.00105630184374772	0.0045163420247125	0.00244332493702771
ctarjeta_master_transacciones	0.00105073480084705	0.00188615347098722	0.00145256087321579
Visa_mpagado	0.000967623951087181	0.00395134986053878	0.0019983207388749
Visa_msaldodolares	0.000874979566985482	0.00472233054648921	0.00208228379513014
matm_other	0.000791284900683121	0.00376672102724662	0.00192275398824517
Visa_mpagosdolares	0.000742060430286438	0.00289239950100683	0.00161209068010076
catm_trx_other	0.000717552058640623	0.00726325347954471	0.00200671704450042
mttarjeta_master_debitos_automaticos	0.000576000053469278	0.00582787094475525	0.00152812762384551
ccajas_otras	0.000495566253357635	0.00482917624973939	0.0010495382031906
cseguro_vivienda	0.000348188210860149	0.00240810772021508	0.000848026868178002
cplazo_fijo	0.000293039648535115	0.000975732234337698	0.00035264483627204
cseguro_vida	0.00027930785769381	0.00223142028128891	0.000604534005037783
active_quarter	0.000272793850826075	0.000475452430704949	0.000486985726280437
tcuentas	0.00019900517578207	0.00375507406893942	0.000680100755667506
ccajas_extracciones	0.000193813515287921	0.0041947837660177	0.000923593618807725
Master_mconsumosdolares	0.000187189474531836	0.000160896651271563	0.000461796809403862
cseguro_accidentes_personales	0.00018074460872874	0.000592644474291975	0.000428211586901763
Master_mpagosdolares	0.000128988793426702	0.000115346980884895	0.000285474391267842
ccheques_depositados	0.000113153738060068	0.000514462462866648	0.0000839630562552477
ctarjeta_master_debitos_automaticos	0.000106898240165836	0.000216063269892033	0.00019311502938707
Master_msaldodolares	0.000104476487259461	0.000185174538312663	0.000159529806884971
Master_mpagado	0.0000961297265227939	0.00152882632767457	0.00036943744752309
Visa_delinquency	0.0000845406391491824	0.000266827384903064	0.000226700251889169
cinversion2	0.0000582318696769267	0.000668801201726642	0.000109151973131822
ctarjeta_visa_descuentos	0.0000464231402617357	0.00140098452923872	0.000277078085642317
Master_madelantopesos	0.0000398235600506837	0.0000193388155044536	0.0000587741393786734
mcheques_depositados	0.000037660856576166	0.000154338738859994	0.0000251889168765743
cinversion1	0.0000363379909762606	0.000514462462866648	0.0000839630562552477
mtarjeta_visa_descuentos	0.000025359872640254	0.00120175210027653	0.000226700251889169
cseguro_auto	0.0000173408552310646	0.00195495735889326	0.000319059613769941
mcaja_ahorro_adicional	0.0000136991071542339	0.0000868909216284676	0.0000335852225020991
Master_cadelantosefectivo	0.0000109145981996474	0.000022414865224553	0.0000251889168765743
minversion2	0.00000859314665780582	0.00010289249257333	0.0000167926112510495
Master_madelantodolares	0.0000076547257398598	0.00000272442916416055	0.00000839630562552477
Visa_Finiciomora	0.00000625042440500872	0.000276787761816052	0.0000503778337531486
Master_delinquency	0.00000534019057502228	0.0000494026881094073	0.0000335852225020991
Visa_madelantopesos	0.00000500295060105293	0.0000398859328297185	0.0000839630562552477
mforex_sell	0.000000667574797806363	0.0000322624462961197	0.0000251889168765743
Visa_madelantodolares	0.000000000018500381953649	0.00000685817620172113	0.00000839630562552477
Visa_cadelantosefectivo	0.00000000000973374513739587	0.00000440912012527613	0.00000839630562552477
