num_iterations	learning_rate	feature_fraction	num_leaves	min_data_in_leaf	min_sum_hessian_in_leaf	y	dob	eol	error.message	exec.time	ei	error.model	train.time	prop.type	propose.time	se	mean	iter
1605	0.0101833281991892	0.379926576490886	2042	214	-0.0316954514354009	0.929944383301192	158			30.0720000000001	-0.00105711834074893		0.569999999999709	infill_ei	1.04399999999987	0.00205645752591336	0.930310934648136	182
960	0.0164714470106656	0.401396267323848	2047	228	0.523576682405037	0.929902118512778	281			18.1669999999995	-0.000591822561100169		1.6909999999998	infill_ei	1.40999999999985	0.000766110945563561	0.930408087674895	305
2048	0.0101972299954579	0.459048742649704	47	267	-1.37283514364581	0.929874351747678	42			38.1419999999998	-0.00639099062686383		0.113000000000056	infill_ei	0.669000000000096	0.0168062082008641	0.927520059771956	66
1717	0.0192004931373539	0.283297933873387	2045	195	0.736940517423935	0.929868340451884	297			30.5560000000005	-0.000546524015971958		1.46200000000044	infill_ei	1.46399999999994	0.000926151360948369	0.930256816111945	321
741	0.019057217164223	0.499148191571422	1277	257	-3.44140533800873	0.929812251897017	242			14.3990000000003	-0.000344467261624666		1.48099999999977	infill_ei	1.30100000000039	0.00165404306447386	0.929172392903363	266
2043	0.0159822299296042	0.449352378004864	373	229	-4.99091107003703	0.929762356569983	119			39.2750000000001	-0.00176886722250212		0.247999999999593	infill_ei	0.925999999999931	0.00408809806533044	0.930143204682729	143
825	0.0154709725492777	0.259679878720358	2047	206	0.837999741223262	0.929709988731317	135			15.5249999999996	-0.00118478041151379		0.576999999999771	infill_ei	0.985000000000127	0.0045066250579328	0.928476560267665	159
786	0.0100078611791867	0.437865988735081	1372	247	-0.762358141412269	0.929702089475225	282			14.7370000000001	-0.000677908665607535		1.22299999999996	infill_ei	1.4409999999998	0.000982930730096595	0.930424277481942	306
2027	0.0109001571993224	0.332458126404988	2041	257	0.873549884928186	0.929657810075788	133			36.7479999999996	-0.00119604345554344		0.518000000000029	infill_ei	0.968000000000302	0.00545179171800023	0.927515660459875	157
750	0.0207576828303618	0.229585917426784	12	248	-0.708020374270042	0.92959737354235	193			8.35799999999972	-0.000647156869202454		0.980999999999767	infill_ei	1.15200000000004	0.00255768710244838	0.929083416974822	217
737	0.0239071372304995	0.430583349091639	1131	262	0.205406843733557	0.929543628472375	202			13.7490000000007	-0.000414832280398027		0.815000000000509	infill_ei	1.1860000000006	0.00205213227429353	0.928947022694215	226
1619	0.0142405244326615	0.456349801293364	533	272	-3.94379393295387	0.929532694011077	221			30.1310000000003	-0.000498960046948395		1.20300000000043	infill_ei	1.22899999999936	0.00127779063701923	0.929922626184725	245
2046	0.0185854622202033	0.434093630159348	97	230	-0.776904640460775	0.929464012186502	275			35.8119999999999	-0.000383532927495319		1.58600000000024	infill_ei	1.40999999999985	0.00066169653398633	0.930156575666019	299
2044	0.0185685444378663	0.494290633042917	15	241	0.975703882984022	0.929456642374632	228			27.0589999999993	-0.000594958337165874		0.980999999999767	infill_ei	1.26500000000033	0.001766712448376	0.929712547999893	252
942	0.0136116050166818	0.741525148772729	137	269	-3.22705397336199	0.929387036916831	265			16.1290000000008	-0.000553172852529786		1.48500000000058	infill_ei	1.36700000000019	0.00169362566971914	0.929683398525122	289
2048	0.0239502566427406	0.530107924806216	485	204	-0.633886045022344	0.929364443233376	224			40.9759999999997	-0.000577980736017464		1.25399999999991	infill_ei	1.25700000000052	0.00162301725256709	0.929800262171033	248
2042	0.0102285293990854	0.400547650505776	1248	212	-0.844913759789408	0.929346827925238	184			39.2729999999997	-0.000847071079834253		0.870000000000346	infill_ei	1.23100000000022	0.00237445099626386	0.929736748827544	208
1645	0.0103117938145972	0.522789995637667	2043	271	-4.16444362324637	0.9293465014415	134			32.5519999999997	-0.00108599427115699		0.545999999999822	infill_ei	0.98700000000008	0.00339653582912302	0.929297275950157	158
1038	0.0109793793465224	0.276377747609006	2048	281	-0.224956757996138	0.929284505791531	254			17.134	-0.000582742038345605		1.96100000000024	infill_ei	1.35199999999986	0.00119744584087825	0.930141524773247	278
959	0.0194742778845101	0.467094088730609	363	227	0.677327431308578	0.929277269702613	115			17.9899999999998	-0.00166972691727014		0.364000000000033	infill_ei	0.916000000000167	0.0045333883418973	0.929589549400164	139
1396	0.0102006767439872	0.441511237471916	1231	248	-4.98136234467372	0.929252694086956	96			27.5520000000001	-0.0024999455994792		0.324000000000069	infill_ei	0.860999999999876	0.00672697377757511	0.929498519815764	120
824	0.0150009693746307	0.585079648933412	575	262	-0.775830043805882	0.929238843612196	219			14.7939999999999	-0.000384197947829626		1.01900000000023	infill_ei	1.33200000000033	0.00157591383095139	0.929373874952363	243
1017	0.0100402393689104	0.32413098106047	2041	263	-3.52035082465099	0.929229273783012	207			18.6849999999995	-0.000533383255899969		1.33899999999994	infill_ei	1.25600000000031	0.0019880120834752	0.929355968814139	231
1636	0.0114517602702018	0.369049697167323	2024	268	-0.810949394841633	0.929189277275194	283			28.625	-0.000235216952907206		1.67799999999988	infill_ei	1.4380000000001	0.00075861305600899	0.929798351432234	307
1873	0.0110614215231871	0.456643391843336	1184	254	0.471646375050584	0.929093830753323	206			34.8859999999995	-0.000578005832745345		0.94800000000032	infill_ei	1.1899999999996	0.00143146229632136	0.929958200097419	230
1829	0.0101766983784535	0.549431159299295	1970	227	0.945449368242379	0.929066050326369	146			35.9920000000002	-0.000925983317754868		0.571999999999662	infill_ei	1.02300000000014	0.00271053626497686	0.929547963018709	170
2039	0.0100060634554833	0.284670628164219	11	146	0.461008877798228	0.929038575231341	121			22.6210000000001	-0.0016275501799389		0.309999999999945	infill_ei	0.932999999999993	0.0057515769599222	0.928387958365631	145
945	0.0225114938834084	0.800463957234353	466	250	0.997340550103871	0.929000143993309	239			14.7640000000001	-0.000363593241988667		1.10699999999997	infill_ei	1.29600000000028	0.00162036956425564	0.929267515305657	263
895	0.0107010960481211	0.347993853046288	1172	208	0.0703862628170873	0.928998965391722	291			16.7279999999992	-0.000315547312135763		2.02199999999993	infill_ei	1.44800000000032	0.000824786019974108	0.929917032082685	315
942	0.0209134179887616	0.44010483577584	537	288	-4.7429773875101	0.928918653048651	218			16.5119999999997	-0.000411364916323736		0.992000000000189	infill_ei	1.22400000000016	0.00251018993987182	0.928393909488805	242
1598	0.0204618011503656	0.476252357179558	986	246	-0.888194556259699	0.928917187501782	244			30.3990000000003	-0.000412520564278813		1.40700000000015	infill_ei	1.32600000000002	0.00113473528428904	0.929861630129716	268
1438	0.0105967665381075	0.526805405927666	1427	275	-3.20511868440147	0.928866883036398	288			27.0419999999995	-0.000368349728657437		1.88600000000042	infill_ei	1.44200000000001	0.00097412542139161	0.929903146829389	312
1993	0.0151101918079145	0.404698018296094	618	279	-1.17534109165588	0.928866308346697	231			34.2640000000001	-0.000403215866752081		1.12700000000041	infill_ei	1.27199999999993	0.00116566828248032	0.929815025247051	255
1076	0.010361316698366	0.382996525577878	1537	308	0.701755099602905	0.92882497212187	69			19.5810000000001	-0.00376669911693829		0.19399999999996	infill_ei	0.763999999999896	0.00978877922457032	0.929594236561271	93
1294	0.017059164809212	0.465342237028434	2046	362	-1.04543635040185	0.928817986355174	117			22.7399999999998	-0.00147463146883545		0.278000000000247	infill_ei	0.914000000000215	0.0044064878214222	0.929275307060277	141
1793	0.0164092386905176	0.235410365946301	10	326	-4.99746589282292	0.928775924757951	217			18.058	-0.000958786052611423		1.10400000000027	infill_ei	1.21500000000015	0.00220047969425293	0.930101739435964	241
901	0.0144177130193088	0.317121875674032	79	384	0.898881761887117	0.928737937735625	165			12.4400000000001	-0.00090720797235123		0.692000000000007	infill_ei	1.06100000000015	0.00214784678140585	0.930043250227936	189
1510	0.0122280114612987	0.233102379591543	478	256	-4.52864718620775	0.928723277614098	252			21.9220000000005	-0.000455953100354859		1.46599999999944	infill_ei	1.33399999999983	0.00116163369078736	0.929929362428373	276
874	0.0202933175018393	0.624252356263436	1239	232	0.665442905526112	0.928719362608699	243			16.3780000000006	-0.000369173023845221		1.07999999999993	infill_ei	1.31800000000021	0.00125725056206579	0.929652714984895	267
1833	0.0118003698976928	0.272313184925926	1473	298	-4.0493902087654	0.928704736524311	175			30.31	-0.0006861826913762		0.697000000000116	infill_ei	1.10199999999986	0.00238840215793602	0.929352948928453	199
1982	0.0239636086195846	0.652192513750142	342	263	-2.15768059852615	0.928636272960812	284			33.2579999999998	-0.00027510028014166		1.70299999999952	infill_ei	1.44400000000041	0.00109927559202416	0.92956604934267	308
1230	0.0244596642956777	0.715602771662165	15	259	-1.46220701511124	0.928627646346549	269			12.3200000000006	-0.000302025889935243		1.71799999999985	infill_ei	1.39500000000044	0.00136344311504738	0.929363203286894	293
1620	0.0258680329100788	0.517741240048945	9	245	-4.82387282152091	0.928577567265975	245			18.2799999999997	-0.000447337573064184		0.966000000000349	infill_ei	1.3159999999998	0.00137503145597415	0.929728440533722	269
2044	0.0129183036604532	0.244567492608761	1771	219	-0.668968678352631	0.928540347854281	257			35.8919999999998	-0.000407237212522302		1.16200000000026	infill_ei	1.32999999999993	0.00155808019384459	0.929454822797083	281
1410	0.0101975007990827	0.434840681465393	8	178	0.707769847012432	0.928534835775589	155			16.2190000000001	-0.00136238164364026		0.422000000000025	infill_ei	1.03800000000001	0.00261922807762794	0.930457661937004	179
593	0.0130524936765572	0.669632078015846	14	1	0.993184834341582	0.928508412405976	143			6.78999999999996	-0.00129195962401911		0.638999999999669	infill_ei	1.05600000000004	0.0059033547514722	0.927310815295266	167
1875	0.0391514799333786	0.376594320725805	261	223	-3.061196835796	0.928428118589657	142			35.2429999999999	-0.00105388089991345		0.371000000000095	infill_ei	1.01099999999997	0.00290551797860862	0.929657385039481	166
530	0.0129368963255566	0.572489727775214	2048	253	-0.389151799553704	0.928384515202396	99			11.406	-0.00215182510044065		0.228000000000066	infill_ei	0.860999999999876	0.00744926173616291	0.928058665598395	123
1238	0.0120492402165381	0.268995186079883	8	313	-3.077522965449	0.928283489678329	97			13.5410000000002	-0.00219975444510049		0.196999999999662	infill_ei	0.84900000000016	0.00628595072622943	0.929232254095583	121
813	0.0104917338038663	0.79458938222426	1135	266	-3.98187088982765	0.928265451591562	279			14.6860000000006	-0.000321936287080708		1.79399999999987	infill_ei	1.41000000000076	0.00127636614578853	0.929511973560383	303
2036	0.0103910811962607	0.164773933277353	501	391	-3.84699268299957	0.928261604908429	75			26.8880000000001	-0.00318916289169095		0.216999999999871	infill_ei	0.771999999999935	0.0093005427859409	0.928780669163473	99
2048	0.0101822406758008	0.459808359397678	407	161	-3.62100934876181	0.928228474459048	240			44.473	-0.000463365587250839		1.42699999999968	infill_ei	1.29799999999977	0.00117238695200811	0.929935659128243	264
902	0.0104418476780996	0.517672555153526	2016	137	-0.350156054045205	0.928224092499313	185			23.5929999999998	-0.000735777305702538		0.864000000000033	infill_ei	1.11599999999999	0.001933031215861	0.929872536951217	209
2042	0.0103711817222418	0.645867302886432	931	268	-4.2754379733249	0.928201613931652	163			36.395	-0.00112324063444914		0.556999999999789	infill_ei	1.06899999999996	0.00286122088391012	0.929907753524385	187
1859	0.0243197861472177	0.561680517766351	1060	96	0.992555524900034	0.928157125460823	35			36.268	-0.0115651114770811		0.0450000000000728	infill_ei	0.644999999999982	0.029283720435179	0.927296133618456	59
713	0.0113984537758149	0.279849176308057	291	251	0.938658589596104	0.928130487416858	204			11.098	-0.00069218991157343		0.983000000000175	infill_ei	1.17999999999938	0.0017676392239168	0.929918236789123	228
1717	0.0230907560110285	0.465125470879503	1182	368	-4.99272629990604	0.928127864270173	250			28.1009999999997	-0.00039201850050946		1.29899999999998	infill_ei	1.34599999999955	0.00154741355350276	0.929424811911128	274
815	0.0176660194826803	0.479822089811573	8	100	0.400315653768576	0.928102902331649	234			9.3179999999993	-0.00045208598522211		1.27399999999943	infill_ei	1.29500000000007	0.00141069308265813	0.92970709994535	258
640	0.01112277392381	0.775339305993151	63	1	-2.0137387289109	0.928051734501826	178			12.3050000000003	-0.000784017024159047		0.507000000000062	infill_ei	1.10399999999981	0.00363100132107674	0.928335437305831	202
704	0.0112749861601422	0.896153547421399	2034	260	-4.82972670394077	0.928046864269035	132			13.9830000000002	-0.00110507598369235		0.344000000000051	infill_ei	0.971000000000004	0.00576395364416205	0.926877590709839	156
2047	0.0669057840495119	0.439073909674196	10	221	-2.35659480881813	0.927964349747248	216			23.2420000000002	-0.000754067468931785		0.887000000000626	infill_ei	1.21099999999933	0.00192207678787416	0.929918786859994	240
785	0.0192054194082349	0.404410918754989	10	74	-3.86536772516375	0.9279266824905	225			8.84000000000015	-0.000470137504305804		1.06899999999951	infill_ei	1.24499999999989	0.00249922207844084	0.928614888729512	249
767	0.0100877424840174	0.454295801612837	2043	176	-4.70153084017117	0.92785939750551	172			17.7429999999999	-0.00109316006342416		0.717999999999847	infill_ei	1.08100000000013	0.00293348928003427	0.929786738691308	196
915	0.0338831985509648	0.548396816185627	2043	254	-2.01815210870337	0.9278379212774	149			18.076	-0.0007359162447187		0.585999999999785	infill_ei	1.00999999999976	0.00265111569797941	0.929153098025381	173
667	0.019993962240066	0.4185835957713	676	228	-1.61421079293244	0.927802660754633	255			12.2299999999996	-0.000360522138275744		1.46300000000065	infill_ei	1.33500000000004	0.00131674221416985	0.92957339316662	279
1695	0.0401318632076578	0.785098501908985	1327	286	-0.645642162650527	0.927763419923967	103			30.3960000000002	-0.0018750510032128		0.203999999999724	infill_ei	0.876999999999953	0.00520373530262198	0.929459272065209	127
1342	0.0100866611780359	0.44532507879528	1359	488	-3.95018403958629	0.92775735265898	203			19.768	-0.000428231699026		0.785000000000764	infill_ei	1.17999999999938	0.00243318855214624	0.92854841718274	227
711	0.025317783044076	0.504669308333798	68	401	-0.411265398372437	0.927725547173076	205			11.2249999999995	-0.000593158011883863		1.01699999999983	infill_ei	1.1840000000002	0.00204645595430702	0.929450552551815	229
1796	0.0139090920304847	0.620056875180873	9	52	-3.79366115247556	0.927689501167328	91			19.1210000000001	-0.00264032465206654		0.237999999999829	infill_ei	0.822999999999865	0.00647353642272869	0.929989055489056	115
2042	0.0118518940729463	0.843363837084099	2000	365	-4.97508281088275	0.927673771747916	72			34.175	-0.0037633987626003		0.202999999999975	infill_ei	0.785000000000082	0.0122541057166716	0.927429897486945	96
2023	0.0100984315445208	0.468182404049922	1738	455	-2.66442327682055	0.927610420053457	78			32.1780000000001	-0.00309283053662501		0.199000000000069	infill_ei	0.793999999999869	0.00726564716381562	0.930254914714494	102
1011	0.0110544268752333	0.863053302324407	1206	386	-2.13918125984323	0.927531695026619	27			15.284	-0.0102648302315887		0.0760000000000218	infill_ei	0.626999999999953	0.0192018051644259	0.93143612141913	51
2043	0.0102737325422084	0.43077775429159	201	1	-1.73073027871221	0.927526153532774	171			76.2889999999998	-0.00128770150037101		0.835999999999785	infill_ei	1.08800000000019	0.00363275772454643	0.929608914964216	195
612	0.0405196281237079	0.999625336917919	11	368	0.986867475379998	0.927462801994117	141			6.5649999999996	-0.00118467865319404		0.358999999999924	infill_ei	0.986000000000331	0.00636875415665036	0.926441261091278	165
1045	0.0187341631741082	0.146145309723873	64	236	-1.47001471252857	0.927427303156059	209			15.1690000000008	-0.000548270627728392		0.957000000000335	infill_ei	1.1929999999993	0.00161759114923867	0.929739983307597	233
2048	0.0100884535778944	0.737360178287803	146	4	0.839208481105903	0.927356350940362	237			44.4690000000001	-0.000554992403969621		0.98700000000008	infill_ei	1.28300000000036	0.00235835995308353	0.929034263508133	261
1533	0.063944275004099	0.595239268982206	327	467	-4.99840671976017	0.927337170265858	47			22.654	-0.0142586198533388		0.0610000000001492	infill_ei	0.686999999999898	0.0263240680038333	0.936688283296526	71
1094	0.0103733925363742	0.99878935784078	794	283	-4.99517830916312	0.927330112818641	236			18.2539999999999	-0.000248756086416641		1.28499999999985	infill_ei	1.34100000000035	0.00284856919062458	0.927166485115846	260
965	0.0134498989274086	0.451218489670456	1311	683	0.130401306387905	0.927261630056047	299			13.1269999999995	-0.000242329094661599		2.01099999999951	infill_ei	1.47900000000027	0.00236451385270922	0.927842505609303	323
1504	0.0131604482746011	0.998337224440299	1988	233	-3.66744464588442	0.927223579421277	212			29.8669999999993	-0.000488815859395393		0.705000000000837	infill_ei	1.20399999999972	0.00287618017900495	0.928232065357624	236
1562	0.0238639699875239	0.109871136555162	18	137	-4.82293711529845	0.927220556060041	34			17.007	-0.0251484073035503		0.0480000000000018	infill_ei	0.633000000000038	0.0288749060862789	0.948805173000054	58
699	0.117385920890982	0.585964801274399	14	265	-4.99618958434313	0.927203190344115	295			8.35000000000036	-0.000174059966205734		1.80599999999959	infill_ei	1.51400000000012	0.00246958121685931	0.927261372486072	319
1721	0.015580018763233	0.694271033014994	213	463	0.995077979493387	0.927179273365596	63			22.645	-0.00480908472713767		0.125	infill_ei	0.745000000000118	0.0115604509153474	0.930263393306259	87
1649	0.0102752784109158	0.963002279070829	623	165	-2.46804712945106	0.927141657351979	55			37.347	-0.00486716158431345		0.127999999999929	infill_ei	0.713999999999942	0.0100223839391156	0.931506204287136	79
872	0.0526187064131399	0.453494668627086	491	303	0.97950209515721	0.927105886456425	259			13.9719999999998	-0.000394460851185029		1.52899999999954	infill_ei	1.36700000000019	0.0013966615711168	0.929581532948898	283
1738	0.0105079791032516	0.108566729034973	2045	249	-2.06252592437748	0.927069893854917	49			26.3920000000001	-0.0052131216861229		0.130000000000109	infill_ei	0.724999999999909	0.021216411702131	0.922306781000471	73
1325	0.0455824169977358	0.986549880478556	717	629	0.997568096571527	0.927035603172108	208			16.2829999999994	-0.000554247988750739		0.997000000000298	infill_ei	1.1899999999996	0.00344321719849423	0.927780022076688	232
2043	0.028495415171061	0.993781942611874	81	139	0.995669199560434	0.927000327084103	122			32.2959999999998	-0.00165748257425723		0.385999999999967	infill_ei	0.936000000000149	0.00716349612197273	0.927028470098571	146
570	0.0221792741815944	0.112284960865499	8	403	0.997863035772466	0.926962620297951	58			5.55400000000009	-0.00474943222523211		0.16599999999994	infill_ei	0.730000000000018	0.0212331803703855	0.920960131026209	82
668	0.022390425155913	0.959479219455551	1074	86	0.998142152816651	0.926804763385193	107			14.9760000000001	-0.0018838036803077		0.266000000000076	infill_ei	0.887000000000171	0.00872434132865365	0.92600852915375	131
1535	0.110366797268709	0.970574856955096	346	267	-4.68405728538232	0.926740825694326	247			27.5910000000004	-0.000314131107628272		0.929000000000087	infill_ei	1.31999999999971	0.00229469072742017	0.928280413648162	271
718	0.0911576833937668	0.721600296465127	246	172	-0.96751398400138	0.926692440234697	1			14.461	-0.0611145030203817		0.0450000000000159	infill_ei	0.534999999999997	0.066843941943687	0.97873430787779	25
1196	0.0592044949760743	0.844241291890438	441	115	-4.99940192702235	0.92669102961751	123			34.1530000000003	-0.00144552192836284		0.317000000000007	infill_ei	0.94399999999996	0.00528127724429094	0.928385115081283	147
2040	0.0107253760445958	0.2495347358458	2048	587	-4.5618430653397	0.926677665060161	166			26.0549999999998	-0.00131832682759473		0.625999999999749	infill_ei	1.07099999999991	0.00481392134844491	0.928588793061558	190
819	0.0298819626311969	0.506402100883503	1986	4	-3.4650276382432	0.92666674090719	64			110.442	-0.00983853845040542		0.0729999999998654	infill_ei	0.729000000000042	0.0203511911303159	0.933108870407717	88
2047	0.0154042003304934	0.910132702956556	852	5	-4.66011360695446	0.926665056480822	25			154.265	-0.0265715027058496		0.0449999999999591	infill_ei	0.61200000000008	0.0432763492548552	0.942909496117172	49
1966	0.0103506822197323	0.999443341679065	1980	564	-0.422273372404503	0.9266148431473	19			27.285	-0.0119731628805474		0.0899999999999182	infill_ei	0.587999999999965	0.0426612599218237	0.915418242445267	43
823	0.0107127643576751	0.844508701285891	1837	424	0.36487850139263	0.926543934536861	173			12.2260000000001	-0.000893173993370206		1.11200000000008	infill_ei	1.154	0.00302998732485351	0.929249930456034	197
1138	0.0733178300890787	0.817548556483536	116	4	-0.701396402246515	0.926542467149577	9			20.58	-0.0296908097582244		0.0400000000000205	infill_ei	0.538999999999987	0.0345972975195658	0.951606145716745	33
2048	0.129634540360732	0.999833778858167	1479	244	-2.36397619125861	0.926510633863926	264			32.8680000000004	-0.000394359705415052		1.78200000000015	infill_ei	1.3690000000006	0.00280590861741865	0.927953020355136	288
708	0.0245068194368625	0.356624438955604	2045	517	0.989098994776276	0.926475316846024	136			10.3249999999998	-0.00112539110954578		0.347000000000207	infill_ei	0.985000000000127	0.00535961293552857	0.927401528462817	160
2048	0.138076777234248	0.468816472550942	618	141	-4.99820526582305	0.926343660699479	187			40.1639999999998	-0.0033771410166602		0.284999999999855	infill_ei	1.12599999999975	0.0123847026862304	0.926419562298366	211
2026	0.0214786121712013	0.90158698218416	9	354	-0.991043981174337	0.92629807645796	147			18.3710000000001	-0.000928478716617997		0.663000000000011	infill_ei	1.00799999999981	0.00321298510544355	0.929092114753855	171
702	0.0104661895772359	0.994452453438907	319	595	-0.577165690348183	0.926251571742544	174			8.81700000000001	-0.00103729148570821		0.549999999999727	infill_ei	1.11000000000013	0.00474141513815826	0.927884288750551	198
1955	0.0110275767195244	0.449149312838392	1798	856	-4.91260068473668	0.926120020043998	44			25.913	-0.00558661887393212		0.100000000000136	infill_ei	0.679999999999836	0.0246708641083962	0.919718341357574	68
2017	0.12517760567957	0.999784535989604	121	545	-3.05668894548647	0.926075966186745	31			26.6270000000001	-0.00882948229809387		0.0929999999999609	infill_ei	0.635999999999967	0.0227217930314065	0.927057341229354	55
887	0.0100235207981187	0.172535663898132	752	82	-1.22451404638836	0.926022179545362	74			22.8810000000001	-0.00360422372699934		0.246000000000095	infill_ei	0.779999999999973	0.0100109458757015	0.929069413737033	98
1427	0.0108918561126663	0.256653834190153	2048	1120	-4.87318824000836	0.925974249150077	170			16.277	-0.00105350442592547		0.52599999999984	infill_ei	1.08699999999999	0.00615547083231645	0.926306383569329	194
1321	0.019916173393842	0.447764442222471	455	1115	-0.791852137845605	0.92595431610344	261			16.2709999999997	-0.00026976482919097		1.36599999999999	infill_ei	1.35599999999977	0.00320526960244227	0.926756165071579	285
2048	0.091287333896648	0.610041492444196	1201	93	-4.09878969171835	0.925779627325154	15			44.905	-0.0141983513467491		0.089999999999975	infill_ei	0.569000000000017	0.0414847915543433	0.921754898688307	39
879	0.0771258316283362	0.379978847922315	1738	1050	-0.0894048367268887	0.92576201247609	0			10.388				initdesign				7
2042	0.0105279773271317	0.869542575359137	2046	54	-0.199725921155879	0.925732499605941	89			72.933	-0.00285055096447131		0.280999999999949	infill_ei	0.829999999999927	0.0102615464454124	0.927087911535515	113
616	0.065207601850737	0.99710686993327	1316	22	-3.59912590033914	0.925683776509932	46			38.9179999999999	-0.0182507842465698		0.0640000000000782	infill_ei	0.683999999999969	0.0233635503918358	0.944293062077992	70
1446	0.0104184468117376	0.839892726257192	25	851	-1.24646825298276	0.925470581686885	21			15.35	-0.0112703015479201		0.0679999999999836	infill_ei	0.587999999999965	0.0296421673025597	0.92556490741968	45
1041	0.174214682022909	0.538990582050989	10	639	-4.99552540727416	0.925456444545595	152			11.998	-0.00472655522629243		0.170999999999822	infill_ei	1.01699999999983	0.0130304021708909	0.928901757804263	176
1529	0.061622059485467	0.22816627031147	686	606	-1.86075915604623	0.925411078559586	11			18.799	-0.0192149325297996		0.0320000000000391	infill_ei	0.548000000000002	0.0444033263326032	0.929616771538784	35
1523	0.11706090310364	0.931103258599813	2048	489	-4.97355243640736	0.925367941890442	215			21.8150000000005	-0.00047387636554129		1.09100000000035	infill_ei	1.21099999999933	0.00375230182521706	0.927048218756297	239
975	0.201351101467393	0.828129479752023	1217	543	-4.91596397996659	0.925352412732831	0			12.625				initdesign				17
780	0.014621574383289	0.768443596844753	1764	622	-2.64223765638979	0.925349038728012	256			9.71299999999974	-0.000252348915397647		1.3149999999996	infill_ei	1.35699999999997	0.00309761568827532	0.926810323402605	280
1094	0.0797601803294595	0.848974821513719	411	561	-3.64450910977596	0.92534220898375	290			13.6220000000003	-0.000181104557960125		1.85199999999986	infill_ei	1.44599999999991	0.00190958408504976	0.928166428694914	314
798	0.206158572679066	0.888393118750239	8	592	0.085844580064698	0.925316464553191	98			8.11900000000014	-0.00212900170590388		0.224999999999909	infill_ei	0.869000000000142	0.0092028312197957	0.926217307746749	122
840	0.0524563792916905	0.13164754301878	1920	409	-4.11494949755009	0.925272982680637	68			10.9840000000002	-0.0039850626234013		0.171000000000049	infill_ei	0.755999999999858	0.0137490015211287	0.92655648618157	92
1290	0.212521602011876	0.999231396303794	326	1087	-1.83675284444577	0.925264392494841	92			14.116	-0.00248514039868704		0.271000000000186	infill_ei	0.841000000000349	0.00890380942199927	0.927486456149478	116
2042	0.0709096518191823	0.980981396488627	1042	887	-0.226289285618539	0.925156195865713	138			22.2370000000001	-0.000966124731133554		0.416000000000167	infill_ei	0.975999999999658	0.00632693723170541	0.925695843731296	162
1183	0.0877413746369707	0.844311267008244	15	1040	0.998566908672573	0.924997550228693	153			11.4230000000002	-0.000784973495674291		0.4699999999998	infill_ei	1.02999999999975	0.00528276894039612	0.926299267839932	177
1999	0.0105103247535472	0.809038623190665	628	624	-4.98693725882274	0.924953370387696	210			22.357	-0.000410678544562044		1.07400000000052	infill_ei	1.19999999999982	0.0039526626101933	0.926460470433982	234
565	0.187135168518678	0.983673224292478	545	425	-3.45879237277919	0.924940686832176	201			8.01299999999992	-0.000412427922275736		0.761999999999716	infill_ei	1.16299999999956	0.00431340170152486	0.92594726728766	225
1663	0.0103318983497967	0.643322482407731	2024	960	-1.00023706732918	0.924935206488357	67			18.3050000000001	-0.00401483127118667		0.146999999999935	infill_ei	0.751999999999953	0.0108230366602828	0.92925431339224	91
1945	0.0994869287396852	0.380277148648355	504	1108	0.422061475265819	0.924917014923336	18			22.3630000000001	-0.0171172422433635		0.0469999999999118	infill_ei	0.588000000000079	0.0373142687780984	0.930959949583028	42
950	0.263446412130442	0.801061040953651	1290	533	-2.79846657905618	0.924899311722009	12			13.139	-0.0191195777863999		0.0460000000000491	infill_ei	0.572000000000003	0.0605611454583013	0.915836531441418	36
605	0.0126252135961627	0.930434668038638	225	5	-0.777122235774191	0.924864343652841	251			27.1540000000005	-0.000350883275778295		1.31700000000001	infill_ei	1.32799999999952	0.00197690077773169	0.928820609160527	275
1986	0.0100148825819896	0.253312333512629	1349	1205	-1.73073168543485	0.924741032515225	145			22.4679999999998	-0.00101817805602912		0.437999999999647	infill_ei	0.997000000000298	0.00622334522781217	0.926024060647307	169
1774	0.0370600036765136	0.999841382883066	1600	749	-4.26851127542043	0.924686726044419	87			21.9180000000001	-0.00247137154608491		0.247000000000298	infill_ei	0.820999999999913	0.00878731137871577	0.927565122056848	111
858	0.111177314324854	0.976121962567583	2036	755	0.622571376927112	0.924680480768795	79			10.326	-0.00315424391766819		0.153999999999996	infill_ei	0.788000000000011	0.0124191925703703	0.925726055366545	103
2009	0.0102629852760315	0.100220935212136	13	1048	-3.9424363106475	0.924665311185071	88			19.3419999999996	-0.00265225855713044		0.264000000000124	infill_ei	0.814000000000306	0.0131043029612968	0.923515911673552	112
2043	0.158267819631933	0.955936807514008	17	14	-2.38174666259659	0.924653848089319	50			21.6600000000001	-0.0112045716020094		0.0999999999999091	infill_ei	0.694000000000187	0.0317137118030869	0.926865840539147	74
2047	0.0589815318793713	0.415422507734033	724	1076	-4.99114874777539	0.924548335325684	294			23.4259999999995	-0.000236966406192926		1.59000000000015	infill_ei	1.47000000000025	0.00330459649254401	0.926383222908449	318
1544	0.131643256778511	0.998378374799537	348	786	-0.682078338063433	0.92453855988026	238			16.9090000000006	-0.000354629007001943		1.2480000000005	infill_ei	1.3070000000007	0.00300255953106209	0.927512393062282	262
937	0.233078776585687	0.500082330185049	2048	860	-3.47742572808501	0.924513701553641	137			14.5049999999997	-0.00104944944541454		0.407999999999902	infill_ei	0.995000000000346	0.00691738713428185	0.925278959931405	161
2039	0.172527714846217	0.548775034421497	1887	1115	-4.99915605658199	0.924468710572734	248			25.0649999999996	-0.000356867431180686		1.54700000000048	infill_ei	1.33199999999943	0.0049018334399643	0.924699912049409	272
1281	0.015041938846743	0.366803968997376	2045	1361	0.0986032086481953	0.924463539992384	194			15.1500000000005	-0.000525794886730657		0.668000000000575	infill_ei	1.15100000000075	0.00517572537395957	0.925318632183525	218
867	0.075523806086349	0.232420050455793	27	809	0.978560338870758	0.924428511045084	157			9.40300000000025	-0.00103805293436048		0.461999999999989	infill_ei	1.04700000000003	0.0059088193909938	0.926477718300957	181
1820	0.187224678136444	0.554056205498424	8	1131	0.662890409671095	0.924339703412593	17			20.8700000000001	-0.0135146944478311		0.0610000000000355	infill_ei	0.569000000000017	0.0450351171805116	0.916951767922177	41
1995	0.0100374223807046	0.117674413988405	15	544	-0.442460186266091	0.924210883746477	139			21.3800000000001	-0.00120257045349024		0.384000000000015	infill_ei	0.981999999999971	0.00550107909898489	0.927481435252187	163
1739	0.0858282331340949	0.993381035968931	49	1108	-4.99752469931702	0.924203088415256	183			16.5349999999999	-0.000614429404544382		0.918999999999869	infill_ei	1.13100000000031	0.00681796793223431	0.923409693118887	207
1823	0.252158805315925	0.991615168249163	2017	240	-4.94629503061257	0.924179200579465	176			28.538	-0.000740927139064453		0.72400000000016	infill_ei	1.0930000000003	0.00720559629611153	0.92355225601025	200
1021	0.246695204687447	0.984291559976278	9	316	-4.95526735043944	0.924173480739247	77			9.63499999999999	-0.00351404798794387		0.23700000000008	infill_ei	0.779999999999973	0.0145321371733145	0.924532945505882	101
529	0.290257151747872	0.437676657369099	437	611	0.989350829871785	0.924144837431239	249			7.42600000000039	-0.000209895477822506		1.45700000000033	infill_ei	1.32000000000062	0.00567195727426768	0.922027269122272	273
1659	0.0133753289359348	0.116187167900704	595	730	-4.99786639330812	0.924130553539105	262			17.402	-0.00022876268975221		1.14500000000044	infill_ei	1.36800000000039	0.00380817518596793	0.92550226460661	286
2032	0.188596402904733	0.990818292000878	760	295	0.518522060875732	0.924108411452755	20			23.343	-0.0117113939082647		0.0949999999999136	infill_ei	0.59800000000007	0.0338909074860295	0.922905565271651	44
1053	0.092520079332496	0.817213340993259	1195	1166	-3.56181445767689	0.924082793583173	5			10.731	-0.0267593291733357		0.035000000000025	infill_ei	0.521000000000015	0.0568623869002597	0.93442285558432	29
648	0.173889139407934	0.99790563975519	2004	806	-1.82687800992611	0.923956990909778	191			7.68199999999979	-0.00564786394008291		0.404999999999745	infill_ei	1.15200000000004	0.0167572004192433	0.927755942172612	215
1708	0.282947298398754	0.999632623242129	1549	656	-0.367617685094849	0.923835756756547	200			20.1689999999999	-0.000494969105556832		0.969999999999345	infill_ei	1.17600000000039	0.00492966816835507	0.925507013221889	224
786	0.20550856999325	0.543346975749619	1000	1035	0.885146019202784	0.923787586393723	116			10.0349999999999	-0.00144975409779515		0.304000000000087	infill_ei	0.925000000000182	0.00675123561175411	0.926858431063413	140
1232	0.208378170892375	0.999493948664487	1933	1341	-4.98340061633813	0.923776984905603	300			12.3579999999993	-0.000203631255996003		2.03699999999935	infill_ei	1.48400000000038	0.00461551622550197	0.923876141649044	324
867	0.0104241361963979	0.953852907571518	1279	1121	0.638065587023675	0.923743935591929	226			9.26500000000033	-0.000360987816315432		1.09400000000005	infill_ei	1.25	0.00534204739958065	0.924026737635481	250
1533	0.0917744861703552	0.193066647156254	2027	961	-3.02708782480853	0.923738353284199	188			17.2109999999998	-0.000637494421566465		0.817000000000007	infill_ei	1.13900000000012	0.0048519267724568	0.926310210083058	212
1131	0.0445445314420654	0.181737074148744	27	1226	0.91151531799942	0.923664096606483	298			10.6869999999999	-0.000159893584510122		1.84600000000046	infill_ei	1.48700000000008	0.0041955689364285	0.9241442913556	322
17	0.265700398212955	0.999841504996913	2046	269	-3.34133113124038	0.923632881518703	287			0.710000000000036	-0.000261880960341692		1.38900000000012	infill_ei	1.43099999999959	0.00503090387220249	0.92372481386737	311
1926	0.151335574866583	0.689341043176245	1941	722	0.935694571034376	0.923590325976937	124			21.9769999999999	-0.00690481868449873		0.157999999999902	infill_ei	0.95699999999988	0.0197617686124974	0.927832269666649	148
1797	0.0799923622758264	0.544720574170759	11	1446	-1.46557513627919	0.923558822752077	162			19.9209999999998	-0.000932187382295376		0.707000000000335	infill_ei	1.06400000000031	0.00607887390860075	0.925945169082922	186
658	0.250931486979681	0.726957176784987	2048	221	0.581100139265315	0.923558314539326	198			9.17200000000048	-0.000543670332615533		0.934000000000196	infill_ei	1.17099999999937	0.00455451095431351	0.926282718883269	222
2024	0.0236899592339748	0.944707658698415	11	1232	-0.0564270291036572	0.923514692922849	108			20.029	-0.0020559113677045		0.338999999999942	infill_ei	0.890000000000327	0.00940881871690737	0.925778846288814	132
2042	0.228186493239196	0.631296467112391	99	847	-4.46653673911831	0.923359036817391	57			23.337	-0.00468143231534732		0.144999999999982	infill_ei	0.711000000000013	0.0155255335766518	0.926570144909783	81
1221	0.0593052578514012	0.766865079887016	2046	1	-0.985109619589738	0.923316237965998	235			39.2659999999996	-0.0162096367105544		0.527999999999338	infill_ei	1.27500000000055	0.01211373034063	0.945592812460002	259
495	0.299389118925766	0.598722337924721	2043	250	-4.86049275513404	0.923297270632962	129			10.1310000000003	-0.00118762320865603		0.416000000000167	infill_ei	0.951000000000022	0.0118181408273992	0.919241902637155	153
618	0.287794876618114	0.991813073496692	13	827	-2.30111801145408	0.923261570524144	192			6.28499999999985	-0.000585797994822248		0.876999999999953	infill_ei	1.15200000000004	0.00569754762231938	0.924889726471628	216
2047	0.207855862253524	0.966610425435223	2017	1079	0.84451255062042	0.923253431272058	246			21.9169999999995	-0.000304921627534125		1.11800000000039	infill_ei	1.31800000000021	0.00484591751141648	0.924403173719161	270
523	0.280165687952659	0.999199109916206	1220	268	-1.08308685386691	0.923195247891062	292			9.31700000000001	-0.000222688979421378		1.76299999999992	infill_ei	1.46700000000055	0.00326621687076807	0.926340923224305	316
1577	0.148939141484324	0.99937748680682	1497	17	-4.98241871785009	0.923193115052851	267			38.9179999999997	-0.00501895126720628		0.664999999999964	infill_ei	1.38100000000031	0.0115096657072753	0.930774997954405	291
623	0.263365974985964	0.998799051487752	2018	1226	-0.39467647674205	0.923177456517012	90			6.40299999999979	-0.00257655879538526		0.206000000000131	infill_ei	0.838000000000193	0.0133399269785847	0.92300157915218	114
730	0.142283606948865	0.999937976212376	2035	30	-3.17743776594208	0.923168435113088	26			23.007	-0.0108980389141105		0.0970000000000937	infill_ei	0.607999999999947	0.0315811828237533	0.923130256717156	50
2019	0.0104821683492485	0.945281043529249	2029	1399	-4.97083450566276	0.923152045431128	190			20.4270000000001	-0.000875955116919456		0.695999999999913	infill_ei	1.13599999999997	0.00815947867043798	0.922899758245874	214
1689	0.120406362893143	0.16401263901142	280	1359	-4.9900709973659	0.923115045147814	128			16.8829999999998	-0.00128991744169456		0.334000000000287	infill_ei	0.952000000000226	0.00849554824613557	0.924234662906462	152
592	0.100454686555686	0.403036512129472	1655	4	-0.0447062541574973	0.92310483482843	3			15.22	-0.0446560418620599		0.0339999999999918	infill_ei	0.516999999999996	0.0579316796479994	0.961624309250872	27
831	0.0642357572532385	0.999184380502056	461	1581	0.0703523700668693	0.923063685812904	0			8.64100000000002				initdesign				23
1787	0.11282879307552	0.885776274278003	1682	1352	0.977220648132091	0.923057451467498	36			18.798	-0.0077744330451674		0.0709999999999127	infill_ei	0.652999999999906	0.0247111277564435	0.92366439326183	60
2048	0.0293772988174914	0.999961147394179	302	1613	-3.33488720984964	0.922943991992324	83			18.9559999999999	-0.00540800467905456		0.190999999999804	infill_ei	0.813000000000102	0.0149391827960259	0.928736031672549	107
554	0.297885321292646	0.441739066020365	2042	626	-1.91465694749927	0.922926820962328	263			8.11999999999989	-0.000300651881801778		1.85599999999977	infill_ei	1.43599999999969	0.00421808393602431	0.925385844469599	287
1096	0.299096856995519	0.992851187453237	519	967	0.930700719883562	0.922873948334377	62			12.2450000000001	-0.00499609485070209		0.15300000000002	infill_ei	0.742999999999938	0.0176009184559623	0.925364559931689	86
2045	0.296950447222111	0.448399328967308	2037	214	0.560235481945907	0.922865365947667	168			26	-0.00091369251919553		0.634000000000015	infill_ei	1.07900000000018	0.00968832039547779	0.920894570557275	192
1443	0.0105333050046806	0.101044317922873	1496	838	0.870371283588843	0.922828140688565	93			14.8689999999997	-0.00266192333679096		0.182999999999993	infill_ei	0.831000000000131	0.0110610683927997	0.925772872017802	117
1537	0.123760544462051	0.101771106701885	15	285	0.779155860692579	0.922778858617002	65			16.711	-0.00469746335030474		0.185999999999922	infill_ei	0.751999999999953	0.0130518948365263	0.92882150991889	89
2046	0.0834827832493359	0.432346521571538	2044	1651	0.165095318008172	0.922714863558698	273			23.9230000000007	-0.000284841434490681		1.18199999999979	infill_ei	1.40799999999945	0.00440084965394409	0.924974067971623	297
928	0.0695875303295725	0.595083332883216	1782	1560	-2.53368903826308	0.922695162102134	81			10.3690000000001	-0.0028184419996732		0.23700000000008	infill_ei	0.809999999999945	0.0100198931135435	0.927242257756562	105
1396	0.299516247140756	0.918858514560626	543	719	-4.91701988223359	0.922687906909925	150			16.2910000000002	-0.000749739370996324		0.653999999999996	infill_ei	1.03500000000031	0.00690721106733993	0.923953091405041	174
1552	0.23086820772376	0.997070288719994	1854	6	0.991723559688454	0.922672563648724	167			17.9810000000002	-0.00551548920718603		0.311000000000149	infill_ei	1.07299999999987	0.020432140348573	0.923984120999015	191
236	0.299693310421056	0.997894081990419	2047	388	0.963658900911931	0.922617586285026	125			4.02299999999968	-0.00134260542456617		0.315000000000055	infill_ei	0.952000000000226	0.0135269282818824	0.917613223592775	149
593	0.190621337436078	0.535503245386511	2047	1786	0.995961677567385	0.922572678493154	104			7.38400000000002	-0.00542697737143156		0.112999999999829	infill_ei	0.871999999999844	0.02080853934997	0.923304870160398	128
1766	0.0536447487025573	0.795158834170575	546	1753	-1.21711794691402	0.922549451257273	258			14.7979999999998	-0.000211733947912274		1.46299999999974	infill_ei	1.34699999999975	0.00434855297485226	0.924429404141176	282
491	0.219038009981719	0.430083884297625	249	69	-2.07992915608344	0.922500931920461	0			11.098				initdesign				16
1413	0.17101022772291	0.224941960621352	1318	675	-0.422042664175144	0.922416031666349	8			16.58	-0.0206578382999104		0.0409999999999968	infill_ei	0.522999999999968	0.0610879428060628	0.91886768739375	32
1042	0.0694016302400454	0.193386194814153	1072	1493	0.322269985549725	0.92241262628788	227			9.95499999999993	-0.000270471392110251		1.19899999999961	infill_ei	1.26299999999992	0.00476940572026144	0.924246152865238	251
1182	0.031130225795225	0.360726048976304	141	1673	-4.62045213307814	0.922400127648192	0			12.839				initdesign				20
1876	0.290711903535172	0.997548048583207	2043	927	-3.07839507098046	0.922352637077263	38			23.1400000000001	-0.00715342273998568		0.116999999999962	infill_ei	0.668999999999869	0.0293221585126857	0.917555548637018	62
2046	0.0159101466531064	0.100153411793717	284	1615	-0.0682628132039273	0.922331077728692	85			18.76	-0.00275572684604014		0.209999999999809	infill_ei	0.815000000000055	0.0148669116733136	0.921827277665087	109
1391	0.299545204943765	0.482705065409083	288	1178	-3.20522990486955	0.922301929428287	182			17.5039999999999	-0.000582785332750277		0.758000000000266	infill_ei	1.10799999999972	0.00615668570628389	0.92420574935169	206
251	0.208420085707263	0.879482231197717	1077	819	-0.896150416030848	0.922292118447308	0			3.082				initdesign				4
1977	0.0429929887066759	0.103441570244307	2046	1481	-3.70263910188701	0.922239201512132	61			19.5720000000001	-0.00514950219386691		0.156999999999925	infill_ei	0.728000000000066	0.020981501081702	0.922374206936261	85
543	0.249739251288092	0.995763946712626	17	1296	0.991494328729924	0.922198186026875	272			5.09100000000035	-0.000244920943923883		1.64599999999973	infill_ei	1.41299999999956	0.00571805095392272	0.922347645128743	296
619	0.297296352220957	0.968470058339757	1611	1025	-4.99569236032518	0.922186680360612	229			6.73300000000018	-0.00040807785093137		0.949999999999818	infill_ei	1.26400000000012	0.00633706872732388	0.922771162640516	253
2032	0.215501142613063	0.766892934123642	2045	1919	-1.15039859784455	0.922165899483529	30			17.9390000000001	-0.013457455262611		0.0809999999999036	infill_ei	0.622000000000071	0.0372929203960441	0.92459921470249	54
874	0.293525401496971	0.135800805252276	10	956	-4.99361599968379	0.922012691392667	37			9.45800000000008	-0.00764603453985236		0.0910000000000082	infill_ei	0.651000000000067	0.0349848846412887	0.912933367161909	61
1352	0.182430718563758	0.477800421012933	153	1847	0.376377065515198	0.921953645803633	24			15.345	-0.0110361042620754		0.316000000000031	infill_ei	0.687000000000012	0.0265505836474368	0.927568808930343	48
1312	0.265997599618367	0.9992348384862	8	1618	-4.99770612373203	0.921919661581773	286			11.1660000000002	-0.000186051337262208		1.85499999999956	infill_ei	1.4340000000002	0.00489323760862163	0.923174645940117	310
1412	0.270095838757339	0.407739351049899	1587	1634	-1.33086891968175	0.921904497505242	13			16.8730000000001	-0.0169021957250538		0.0799999999999841	infill_ei	0.571000000000026	0.0478151138073773	0.922175811525389	37
698	0.0100062770606343	0.178428299477109	590	1354	-2.81200723677674	0.92188537232294	7			6.89699999999999	-0.0320072200685514		0.0370000000000346	infill_ei	0.531000000000006	0.0556815797194443	0.944120750573335	31
589	0.0618302143143713	0.994533537330466	1920	1797	-4.84882369896797	0.92185725234467	45			5.94900000000007	-0.00556623683624613		0.104000000000042	infill_ei	0.715000000000146	0.028088978480371	0.915863331920303	69
604	0.256789618997478	0.242448638657204	36	1054	0.130103038657339	0.921841914563146	289			7.31500000000051	-0.000212777577426047		1.30699999999979	infill_ei	1.4429999999993	0.00404591498087099	0.924962500413497	313
694	0.163688471226533	0.998785128195209	16	1830	-4.86512013055412	0.921809381905062	232			5.78300000000036	-0.000369737881193794		1.15200000000004	infill_ei	1.27800000000025	0.00629192195263295	0.922536844786193	256
1297	0.0101447065570594	0.962088832734491	634	1883	-4.97863904700591	0.921808733262304	195			11.4780000000001	-0.00044926761392341		0.869000000000597	infill_ei	1.16800000000057	0.00663611368577043	0.922599453771731	219
1754	0.0694225293200121	0.987097935922279	1898	1803	0.912767942817947	0.921727362034573	144			15.5770000000002	-0.00095629436078669		0.557999999999993	infill_ei	1.02099999999973	0.00783447215867783	0.923674971234234	168
2043	0.0103784371305507	0.551215901462482	1364	1976	-0.356888635740848	0.921715103890382	14			23.744	-0.0155887524529667		0.0889999999999986	infill_ei	0.596000000000004	0.0484005268752599	0.918730584295117	38
1928	0.297253604230497	0.968533326997232	381	1704	0.590391459223935	0.921652046438281	120			18.5450000000001	-0.00139485923644224		0.272000000000389	infill_ei	0.952999999999975	0.0115018484428319	0.920730515852774	144
1071	0.143385760319965	0.954731183205175	1532	2021	-1.54531483021304	0.921646840965216	70			9.56200000000013	-0.00349158667502925		0.144999999999982	infill_ei	0.754999999999882	0.0133874921330922	0.925647928829236	94
2039	0.0965764605003467	0.536423030946954	9	1909	-4.99774486193588	0.92162048925465	169			23.0140000000001	-0.00645642816421504		0.3100000000004	infill_ei	1.07200000000012	0.0129356933461751	0.932357047679311	193
602	0.0934350092646873	0.581421773152648	2048	1876	-1.14249040887396	0.921619696834553	213			7.24799999999959	-0.00481064364663983		0.372999999999593	infill_ei	1.19800000000032	0.0102626908672958	0.931305333226884	237
2048	0.155601233558368	0.995515671634662	837	1634	-3.8330017127497	0.921515271107665	51			19.056	-0.00486835027121288		0.121000000000095	infill_ei	0.862999999999829	0.0191932944277319	0.923446034049559	75
195	0.290318480494136	0.991111569775194	608	1867	-0.66247627439195	0.921351688071463	181			2.20399999999972	-0.000659199287339435		0.555000000000291	infill_ei	1.11500000000024	0.00982280266056442	0.919028947780519	205
1482	0.0365321035302936	0.100854865022965	1455	1842	-4.98949708697406	0.921168933064776	80			13.799	-0.00305158551697976		0.238999999999805	infill_ei	0.824999999999818	0.0136476939537468	0.924141366245088	104
637	0.299672455634692	0.999903437613912	2048	1749	-3.01944184443648	0.921140891723111	127			5.9369999999999	-0.00129529125280087		0.411000000000058	infill_ei	0.967000000000098	0.0104431272057301	0.921706147576803	151
271	0.299993172117262	0.930386911184062	1058	5	-2.27423076878976	0.921025283857092	131			9.27399999999989	-0.00113099489208201		0.360000000000127	infill_ei	0.958000000000084	0.0101033481607518	0.92138654603229	155
1928	0.0102140640336833	0.855415795190394	2046	1934	-4.32841121205564	0.920993469873104	197			17.0280000000002	-0.000444850248908582		0.914999999999964	infill_ei	1.16499999999996	0.00691441947287808	0.922114477590955	221
401	0.16561459744726	0.580206537346474	98	21	-0.340453496740032	0.920987251631062	151			8.10399999999981	-0.00562256442266975		0.231999999999971	infill_ei	1.02099999999973	0.0195739614893491	0.92502483223203	175
2046	0.299381958715455	0.454310868867372	2047	1407	0.688786090472149	0.920963555156333	160			24.7660000000001	-0.000819121432282062		0.489999999999782	infill_ei	1.04899999999998	0.00899968660742732	0.921366252348058	184
580	0.286017188252194	0.810498009426592	66	1452	-4.79682726084979	0.920870391890131	40			5.62400000000002	-0.00675571445531582		0.111000000000104	infill_ei	0.670999999999822	0.0280754248374675	0.917744324910252	64
2044	0.0883420103824337	0.93704448119075	1400	2089	-2.1186463556705	0.920788547197128	111			18.1900000000001	-0.00474996444933547		0.10799999999972	infill_ei	0.885999999999967	0.0127945561634461	0.929149315238404	135
1052	0.0341242358575453	0.111418840996157	1059	5	-2.802540645647	0.920732835677164	230			60.9029999999993	-0.0104236162261109		0.471000000000458	infill_ei	1.27999999999975	0.00763774672427961	0.940035679452958	254
355	0.0904608172570058	0.176628685905174	523	1895	-3.26102290566549	0.920683923511544	4			3.73499999999996	-0.0249729724677342		0.0399999999999636	infill_ei	0.51400000000001	0.0609178622816143	0.928021397720101	28
2041	0.257076326667791	0.482978141034892	1341	1898	0.989695383053465	0.920607197605425	223			22.5360000000001	-0.000286492895267394		1.17900000000009	infill_ei	1.23400000000038	0.00582172550108876	0.922590541856122	247
411	0.0107273158901803	0.117849086559205	1896	276	0.954909375483788	0.920571159444082	156			5.86599999999999	-0.00116811009866727		0.626999999999953	infill_ei	1.0329999999999	0.0043678707592421	0.928571656029634	180
541	0.299252027364251	0.210443692870819	2006	940	0.985489636669818	0.92056037776061	95			6.35400000000027	-0.00207483201528413		0.367000000000189	infill_ei	0.843999999999596	0.01490913671199	0.919206790296044	119
731	0.0102880093264098	0.187326913957138	2048	1728	0.964872704519761	0.920341101445916	56			8.35899999999992	-0.004825255456944		0.125	infill_ei	0.735000000000127	0.0238681698804447	0.918275343169604	80
812	0.293689884049883	0.651532399024342	1054	1972	-4.52254462014655	0.920254794205681	53			8.13800000000015	-0.00490062804416421		0.151000000000067	infill_ei	0.707000000000107	0.0193014542912754	0.923422934854876	77
1575	0.0202560163753245	0.140915564324476	144	1989	-2.9916218703781	0.920156735328268	179			14.779	-0.000619038005497519		0.619000000000142	infill_ei	1.10300000000007	0.00761169057090414	0.922236380802481	203
1012	0.27647622631318	0.10153552197097	14	1343	-0.939061557598441	0.920019510427297	66			8.8610000000001	-0.00422849034009058		0.189000000000078	infill_ei	0.751999999999953	0.0160418446927282	0.924928153370042	90
784	0.221833730197315	0.74311007252369	825	1	-4.81713149962856	0.919805222291458	211			17.6660000000002	-0.000484509282372002		0.715000000000146	infill_ei	1.1909999999998	0.00506079992310156	0.925258164797057	235
1859	0.241586185939875	0.93780888388852	36	2079	-3.23367610369895	0.919702627275482	16			17.937	-0.0133931065862755		0.117999999999995	infill_ei	0.584000000000003	0.0483882449520674	0.913429064440048	40
453	0.299937746685375	0.885356991899122	1384	1511	0.802681657418413	0.919678107307197	220			4.3769999999995	-0.000376136909658507		1.02499999999964	infill_ei	1.24300000000039	0.00610915191106143	0.922892676856176	244
385	0.298893851888364	0.318657340734351	2029	1939	-0.772268482399296	0.919654822589683	199			4.26699999999983	-0.000447432374318006		0.940999999999804	infill_ei	1.15899999999965	0.00741054189116379	0.921318828576391	223
30	0.271397889528927	0.996208994276803	1667	2133	-4.98620831753187	0.919539037059528	266			0.587999999999738	-0.000263923363178132		1.12100000000009	infill_ei	1.38299999999981	0.00847365339012805	0.917461235959154	290
1794	0.275037463218861	0.102687154050212	1564	1095	-4.47932859851196	0.91941567438349	86			18.4430000000002	-0.00263643835531269		0.227000000000089	infill_ei	0.814000000000078	0.013559148836321	0.922946334595131	110
1502	0.162385856047686	0.49228118493755	2011	2229	-4.98424980218351	0.919137620390037	28			17.6410000000001	-0.0100745560217409		0.0779999999999745	infill_ei	0.620000000000005	0.036820786491634	0.917139696529671	52
501	0.299909861228663	0.301682460496687	9	2062	0.250921998874866	0.919011216161335	260			5.28700000000026	-0.000287269944720818		1.14099999999962	infill_ei	1.36400000000049	0.0078544948131437	0.918938919886867	284
1320	0.297176382644146	0.774150337409407	1688	2265	0.874797448797121	0.918959867386423	0			12.028				initdesign				18
112	0.0151311105475984	0.508813744302763	753	3	-4.98828237747439	0.918880604070814	39			12.106	-0.00703309811551164		0.0929999999998472	infill_ei	0.65300000000002	0.025172846743177	0.921424094817512	63
339	0.296505249454409	0.999720546292328	593	2448	-3.24708641729148	0.91866785663281	189			3.13200000000006	-0.000515208257334996		0.853000000000066	infill_ei	1.12300000000005	0.0103770241521781	0.916880263644414	213
1734	0.0630350753100945	0.184624611718035	2028	11	-4.79911976437588	0.918657264239737	73			74.9299999999998	-0.0270419092014321		0.0809999999999036	infill_ei	0.773000000000138	0.0216767472495343	0.955675690754473	97
1767	0.239539899177214	0.998935012217306	2042	2430	-0.3770774036991	0.918632672094884	253			15.174	-0.00023702078310171		1.26299999999992	infill_ei	1.32999999999993	0.00637421042474378	0.921060993104029	277
2047	0.112496776630022	0.100736745184247	2027	2015	-1.29526984535009	0.918577899774068	102			19.7080000000001	-0.0258336870628047		0.101000000000113	infill_ei	0.867000000000189	0.0263508701156825	0.952939724755581	126
2037	0.0546723802086472	0.890846744731735	605	2371	-4.99351560280475	0.918241693487383	110			19.3390000000004	-0.00178254605589704		0.442000000000007	infill_ei	1.03900000000021	0.0152872093768053	0.917381480387373	134
2009	0.298229933037101	0.193919413529814	84	1834	-4.99721667612661	0.91812417919457	105			19.6820000000002	-0.00192816620797756		0.342000000000098	infill_ei	0.893999999999778	0.0162072709507033	0.916813443294492	129
757	0.213392048115768	0.101778937596152	520	1685	-3.74849329373825	0.9180158565693	154			6.73700000000008	-0.000939860726742576		0.425000000000182	infill_ei	1.02400000000034	0.00746846648376803	0.924094772812503	178
900	0.298876411097403	0.108101848502809	48	419	-4.72826107028254	0.917623938296616	84			10.771	-0.00260609438411672		0.201999999999998	infill_ei	0.807999999999993	0.0139703805056907	0.922368670915353	108
1988	0.279130634745445	0.991169391313583	1429	2554	-4.57300053603782	0.917407335810322	76			17.9490000000001	-0.00330158962732705		0.461999999999989	infill_ei	0.880000000000109	0.0239531797863305	0.912600901815177	100
2048	0.0293870354198046	0.993432785046702	2027	2535	0.797931539352831	0.917041454871904	100			18.8100000000004	-0.00225153078070183		0.333000000000084	infill_ei	0.881000000000313	0.0223438285824443	0.909805679466074	124
460	0.234081639173986	0.995830752365476	2048	2653	-4.98896580267437	0.916778955466888	114			4.50500000000011	-0.00157727230676247		0.382000000000062	infill_ei	0.914000000000215	0.0174466674517615	0.913182096078891	138
1735	0.288959791922224	0.709125770659801	45	5	0.0652381796528362	0.916351242865456	41			19.1689999999999	-0.0121273309812379		0.053000000000111	infill_ei	0.667999999999893	0.0430239401049986	0.916919227069103	65
2048	0.190042877040084	0.353158263242921	264	2484	-3.44415256393528	0.916340337244425	140			20.6759999999999	-0.000935870321623874		0.456000000000131	infill_ei	0.988000000000284	0.0104370878308187	0.919842965990441	164
2045	0.281374992616323	0.999909614033603	15	2677	0.963301099006274	0.915961795987805	118			16.9429999999998	-0.00156257839503324		0.387000000000171	infill_ei	0.932000000000244	0.0188127920830692	0.911031153025075	142
1459	0.245286476993352	0.143353678034052	721	2344	0.497482402652116	0.915948276174278	0			12.637				initdesign				6
578	0.278610206063242	0.112787229686566	47	2538	-4.76065066643844	0.915776795445567	112			5.34899999999971	-0.00160938035896555		0.259999999999764	infill_ei	0.916000000000167	0.0199015803519743	0.909661950140988	136
2048	0.0588901784055945	0.132083429148305	2045	2526	-1.55143159452357	0.91573863487946	101			19.306	-0.0020137624476002		0.226000000000113	infill_ei	0.865000000000237	0.0178315901214126	0.914981813726002	125
1994	0.0435356710112727	0.672678667635664	2033	2794	-4.92420601214985	0.915280348082998	293			17.8190000000004	-0.000186189395604743		1.78400000000056	infill_ei	1.44100000000071	0.00919578704366619	0.914698290128119	317
546	0.021214738944668	0.102947807923242	2048	2275	-3.9179171157042	0.915262535993319	148			5.15000000000009	-0.000774312812662754		0.396999999999935	infill_ei	1.00800000000027	0.0124172591219713	0.915619703337132	172
393	0.298459742452886	0.297961345933354	2044	2590	0.482905811017634	0.914571746345223	159			4.28800000000001	-0.000869881208535444		0.596000000000004	infill_ei	1.05499999999984	0.0141090215955384	0.913668174923907	183
1086	0.131252972909956	0.507133546365955	941	2829	-1.75523179160389	0.913644666703941	0			10.741				initdesign				1
601	0.159795537858051	0.999742633193085	2032	3019	0.608457037657662	0.913365608922898	241			5.22900000000027	-0.000253020628188453		0.78899999999976	infill_ei	1.28399999999965	0.0111315671888209	0.912028882720397	265
2047	0.0117393938644386	0.280314456644532	1745	2953	0.999513950619644	0.912961493446015	270			20.1489999999994	-0.000223330042312723		1.57099999999991	infill_ei	1.40900000000056	0.0111926493363897	0.911319565830622	294
1850	0.0894575910243273	0.446260227335064	39	3416	-0.434690902688472	0.912540402036866	0			19.674				initdesign				11
1256	0.299955096262868	0.778430658505263	51	3192	-4.96568685348725	0.912522610800349	52			10.1509999999998	-0.00483489648713927		0.156999999999925	infill_ei	0.715000000000146	0.0336812022200458	0.9063905289987	76
322	0.270441386872881	0.973871215760627	559	3494	0.848618699014441	0.912402040880445	48			3.49599999999987	-0.00524440724358783		0.1099999999999	infill_ei	0.82100000000014	0.0358554965039382	0.905272752991838	72
2047	0.147819439337603	0.989570367831445	600	3160	0.940832153532769	0.912270490697557	276			16.2529999999997	-0.000277587840036784		1.8139999999994	infill_ei	1.39800000000014	0.00935275316019968	0.915967192593686	300
2008	0.297999258969853	0.84036210551449	1928	3197	0.338220326876118	0.911872552450864	32			17.0490000000001	-0.0086930715783673		0.0910000000000082	infill_ei	0.650000000000091	0.0416022138980616	0.90820541546133	56
1994	0.28091935762388	0.615284811284333	528	3805	-1.43851216904831	0.911764440538984	0			16.81				initdesign				8
1772	0.0925961497800558	0.984461185401799	2044	3530	-4.20186950670483	0.911368049123331	29			14.6899999999999	-0.00932214602873554		0.0739999999999554	infill_ei	0.629000000000019	0.049066423463625	0.90173869212024	53
435	0.171311899728213	0.513697540561827	9	3657	-4.94921040760652	0.911083762020649	130			4.64799999999968	-0.00110083747564969		0.407000000000153	infill_ei	0.979000000000269	0.017492596089043	0.909873055837635	154
12	0.217830407215564	0.292467914478256	2046	1291	-4.99059133237101	0.911057180088306	59			0.536999999999807	-0.00442929505284172		0.108999999999924	infill_ei	0.730000000000018	0.0254702188335357	0.915072253778963	83
1120	0.111083197376932	0.397047635992476	2046	3832	0.97401979514333	0.911042391457915	33			11.914	-0.00857784334453498		0.0910000000000082	infill_ei	0.643000000000029	0.0426065223863689	0.906712811535493	57
807	0.201344798583153	0.807303264551258	1582	3628	-1.59474932193894	0.910959146002905	274			6.91200000000026	-0.000192037723866913		1.33099999999922	infill_ei	1.40300000000025	0.00792884535573586	0.917397270148727	298
1315	0.198055158322278	0.999118776558983	8	3844	-2.70701924988632	0.910511335791173	196			9.32799999999952	-0.000391096301478118		0.652000000000044	infill_ei	1.16000000000076	0.0119046641139608	0.912688966859559	220
2046	0.122366225549225	0.382410309682031	702	3823	-4.99263385570219	0.910105553695885	278			21.29	-0.000188245636247334		1.58899999999994	infill_ei	1.42700000000059	0.0106535482754284	0.911683399074195	302
1017	0.299169406383923	0.106175626224925	8	3088	0.994302790045664	0.909428375425979	164			8.38700000000017	-0.000763258803620891		0.516000000000076	infill_ei	1.05799999999999	0.0170394755025384	0.907662914043368	188
1809	0.0109189831009379	0.998074877877537	1081	3705	0.618197951703351	0.909066351823213	113			15.281	-0.00150558558603548		0.382000000000062	infill_ei	0.896999999999935	0.0192515109505892	0.909987023722754	137
73	0.296398479816038	0.999637281242945	2007	3833	-4.48337996873466	0.908916353822017	126			1.19999999999982	-0.00127498138525722		0.362999999999829	infill_ei	0.954999999999927	0.0226771104691028	0.902685609020671	150
733	0.298055843230632	0.255035459456364	8	4066	-4.83963941415887	0.908645003204752	280			6.51699999999983	-0.00020554899071202		1.36200000000008	infill_ei	1.43199999999979	0.0123090936971221	0.908562604441054	304
548	0.107586175011296	0.103131221120999	1198	3992	-3.40469079267113	0.908308708807698	106			5.37899999999991	-0.00981349620122192		0.125999999999749	infill_ei	0.878999999999905	0.0166040435111203	0.935500021283179	130
1195	0.299046313267006	0.121781117440053	1559	3505	-3.32468882637085	0.907873806827533	71			10.4300000000001	-0.00334920106861003		0.164999999999964	infill_ei	0.772999999999911	0.0253016111985967	0.911032106755825	95
473	0.0220130656126817	0.999143333503019	898	3349	-4.86471868441848	0.907618486237142	214			4.12100000000009	-0.000358948348245174		1.0029999999997	infill_ei	1.23099999999977	0.0141236299604817	0.907885344262279	238
90	0.154933280236989	0.234251837601043	1542	3157	-2.31185675496613	0.907537980699324	0			1.036				initdesign				15
1327	0.0101992685003641	0.10707417623784	736	2998	-4.9026160019038	0.906887050716535	54			13.3140000000001	-0.00840837093006017		0.071999999999889	infill_ei	0.711000000000013	0.0255425861389922	0.926087490554586	78
2019	0.100374661185745	0.100054647252207	92	4043	0.832466411646957	0.905995432057454	233			17.3240000000005	-0.000276358406214714		1.2529999999997	infill_ei	1.27899999999954	0.0155342694514902	0.903360614543019	257
688	0.105633981377713	0.810835829289991	424	4273	-1.9680054714885	0.905989875588164	6			5.68299999999999	-0.0275269030583647		0.0360000000000014	infill_ei	0.522999999999968	0.0547056451130383	0.937282195857132	30
1846	0.19739415184426	0.999597257151931	1840	4479	0.965701522497982	0.905693337808134	82			15.097	-0.00281504579017449		0.152999999999793	infill_ei	0.798000000000002	0.0283294045579368	0.90421362053578	106
1604	0.25591142461635	0.179861859100933	1304	4322	-3.3386667122116	0.905149688131037	0			15.397				initdesign				24
2004	0.0101984890929926	0.629010085798011	1977	4102	-3.60353871555913	0.904969981442358	177			16.6109999999999	-0.000552683467166522		0.57300000000032	infill_ei	1.096	0.0169552146402526	0.905309265090833	201
2015	0.297959376725708	0.958810247486946	188	4580	-4.95429794897155	0.904878235256324	277			13.424	-0.000239013286853746		1.69899999999961	infill_ei	1.39300000000003	0.0183030895656375	0.896354500750795	301
17	0.290728004460951	0.99528016703923	33	2880	-4.99899076152441	0.903734595275957	271			0.420000000000073	-0.000225781959894808		1.29700000000048	infill_ei	1.375	0.0111470601233588	0.911464929277783	295
699	0.229330831484981	0.572788258956852	1954	4765	-3.82120171423535	0.90362500014728	0			6.758				initdesign				12
533	0.0205479509722298	0.100313661934391	654	3472	0.987969112761986	0.903376076771927	285			4.2470000000003	-0.000178495493702076		1.36799999999948	infill_ei	1.40899999999965	0.0122789649140008	0.907930773247724	309
1682	0.25869115214908	0.378871495365649	8	4838	0.993182155376629	0.903143371552862	43			16.0439999999999	-0.00559847923219443		0.110000000000127	infill_ei	0.683999999999969	0.0430804652655534	0.897332611942118	67
1113	0.177286816700206	0.102040992664705	17	5186	-1.77840101143028	0.902939131357002	268			9.21799999999985	-0.000192962589718586		1.56400000000031	infill_ei	1.3809999999994	0.0151495335445832	0.901993805263149	292
1956	0.299012277782835	0.138606795348354	1725	5106	-4.98515581283995	0.90218061677695	296			17.3559999999998	-0.000112494241050582		1.78099999999995	infill_ei	1.45700000000033	0.0159647101151421	0.896915653625832	320
1142	0.299971440309233	0.101941588385504	1896	5373	0.812387811605314	0.901686952826965	186			10.2889999999998	-0.000535407849987225		0.738000000000284	infill_ei	1.13499999999976	0.0227232292373577	0.893719200632772	210
1905	0.126749336272795	0.781608985099515	1876	5242	-1.52759951253904	0.900280559545816	0			14.232				initdesign				14
141	0.01089556709189	0.790820718198171	16	2304	-0.409202838485112	0.900170646914654	22			1.58699999999999	-0.0108664769939124		0.0539999999999736	infill_ei	0.597000000000094	0.0445694531411865	0.910559534238726	46
543	0.299803265859405	0.9909903645268	1247	5088	0.916451542337843	0.899643448569911	222			3.90500000000066	-0.000308483255833633		1.25500000000011	infill_ei	1.25200000000041	0.0178598448282365	0.899165602830153	246
1216	0.185551113512398	0.926671379661455	622	5607	-0.667700650084703	0.898721160138496	0			8.97200000000001				initdesign				9
11	0.0288857558034009	0.348911590362218	9	914	-4.94221506765681	0.898326612902407	60			0.490000000000009	-0.00420334492012113		0.135999999999967	infill_ei	0.731999999999971	0.0213454001366109	0.919140939044361	84
370	0.263890020705575	0.294678883060861	276	5981	-1.16740387051134	0.897641879706582	0			3.50400000000001				initdesign				13
694	0.149960495274158	0.787300294460404	1133	5899	-2.98097696438581	0.897052737524369	94			5.45699999999988	-0.00966034252803722		0.108000000000175	infill_ei	0.849999999999909	0.016784851176465	0.935147219733881	118
643	0.0145217893386412	0.132628391941941	809	4445	-3.73263875794105	0.896443655384174	0			5.162				initdesign				5
960	0.219357778146055	0.955273245540923	1429	6450	-2.31369383865599	0.896097376128866	10			7.30800000000005	-0.0190739944936466		0.0419999999999732	infill_ei	0.537000000000035	0.0504715073785165	0.924533144039205	34
562	0.102480432178246	0.513815638306237	1124	6081	-2.60851035612173	0.89453327561067	0			5.278				initdesign				2
1296	0.298952264768682	0.660176706774009	934	6813	-2.83162586853742	0.894335583395949	161			9.11099999999988	-0.00135531740310771		0.494999999999891	infill_ei	1.04800000000023	0.0135906941970947	0.917660393674453	185
324	0.113638674309713	0.732251657480571	994	6573	-2.91467931110023	0.893706137221123	0			2.18599999999999				initdesign				10
15	0.26451719925534	0.270204055724092	1303	4457	0.991881111356195	0.893374196700176	109			0.549999999999727	-0.00171827550238157		0.615999999999985	infill_ei	0.947999999999865	0.0247978557325993	0.90271901785916	133
2032	0.149915631000627	0.713713183095127	1576	6636	-3.35027771842338	0.892956173722833	180			14.194	-0.000750909428748488		0.813999999999851	infill_ei	1.10699999999997	0.0123290224281182	0.915647000903114	204
1751	0.167231041897101	0.905246410630353	370	6875	-4.47972928221191	0.891961742294767	0			11.932				initdesign				19
1436	0.157436682667311	0.66471539633018	1382	7015	-3.01001501201725	0.891820107606743	0			9.977				initdesign				3
1835	0.299961917283441	0.353159565248521	2031	6730	-4.10110479947638	0.887450687175938	23			18.566	-0.0115962618203089		0.0779999999999745	infill_ei	0.615000000000009	0.0444035633221547	0.912715150439222	47
18	0.140666958238144	0.522587411898214	787	5572	-4.41927453561605	0.885280393469934	2			0.552999999999997	-0.0301513126584906		0.0370000000000346	infill_ei	0.521999999999991	0.0565824821369464	0.940509400627605	26
121	0.0445083741607552	0.635550176077391	1996	7809	-4.07952418313153	0.5	0			1.011				initdesign				21
1698	0.0513620372310522	0.253142392642009	1466	7661	0.501546580535753	0.5	0			16.634				initdesign				22
