Feature	Gain	Cover	Frequency
ctrx_quarter	0.112664999342424	0.0171187702113597	0.0187878787878788
mpasivos_margen	0.0695572940288082	0.0232984278329522	0.0196363636363636
mcuentas_saldo	0.052253311993524	0.0262160499767145	0.0259393939393939
cpayroll_trx	0.0455474687553141	0.0179410149297929	0.00884848484848485
mcaja_ahorro	0.0433969502761585	0.0106041390172987	0.0145454545454545
Visa_msaldopesos	0.042345389854841	0.0104494331689703	0.016969696969697
mpayroll	0.04227006951687	0.0236812158908485	0.0115151515151515
mprestamos_personales	0.0365201100557689	0.0504341084321144	0.0241212121212121
cprestamos_personales	0.0331708082377391	0.0143950226383935	0.0118787878787879
mautoservicio	0.0264333604980185	0.0141045167438499	0.0133333333333333
mtarjeta_visa_consumo	0.0260461961321098	0.00756178963576683	0.0115151515151515
ctarjeta_debito_transacciones	0.0247102000912891	0.0115922168274009	0.0106666666666667
mcuenta_corriente	0.0240827294718161	0.0150010894956505	0.0227878787878788
mcomisiones_mantenimiento	0.0187724181745018	0.00997417711825252	0.0141818181818182
Visa_status	0.0174858840551308	0.0241451138191887	0.0117575757575758
ctarjeta_visa_transacciones	0.0168891457526792	0.0127865634707449	0.0111515151515152
cproductos	0.0167744600511576	0.0113309368402145	0.0149090909090909
ctarjeta_visa	0.0166119261036702	0.00168708943477724	0.0016969696969697
Master_status	0.0163769639611865	0.0107932815063705	0.00642424242424243
mrentabilidad_annual	0.0156038680590654	0.0408098819906852	0.0317575757575758
Visa_mpagominimo	0.0155671577259349	0.021419843946231	0.0247272727272727
Visa_msaldototal	0.0148059852357932	0.00749678498594749	0.0145454545454545
Visa_mpagospesos	0.0145134271479704	0.00414383760246348	0.0116363636363636
ctarjeta_master	0.0139041973968065	0.00248823406171384	0.00363636363636364
mextraccion_autoservicio	0.0116355147270341	0.00493951433806215	0.008
mtransferencias_recibidas	0.00976963125977063	0.00683374356439936	0.011030303030303
mrentabilidad	0.00971040597134897	0.0193758943571108	0.0201212121212121
mactivos_margen	0.00957702598468877	0.0221679351983736	0.0225454545454545
ccaja_seguridad	0.00945842257975998	0.0328301168301423	0.0139393939393939
cliente_edad	0.00891179503678123	0.026236615104589	0.0307878787878788
ctarjeta_visa_debitos_automaticos	0.00816095227427094	0.00459152144038937	0.00424242424242424
Master_Fvencimiento	0.00798145022968834	0.0119939257039331	0.0212121212121212
ccomisiones_mantenimiento	0.00731249709500381	0.0186409857348571	0.0113939393939394
Master_fechaalta	0.0071682059075342	0.017540370349309	0.0237575757575758
ccajas_consultas	0.00712868395672683	0.0207453768279531	0.0109090909090909
mcuenta_debitos_automaticos	0.00674622826163021	0.022868133128344	0.0140606060606061
Visa_fechaalta	0.00660370516455732	0.00986223457251963	0.0180606060606061
mcomisiones	0.00570538064333758	0.00781187855939102	0.0141818181818182
ccomisiones_otras	0.00490754049468158	0.0127968385264207	0.0121212121212121
internet	0.00483842238389007	0.0194825792428239	0.0115151515151515
tcallcenter	0.0044814269937519	0.00564694835492163	0.00557575757575758
ccallcenter_transacciones	0.00428578097880562	0.0127974054001537	0.00933333333333333
matm	0.00423125759138612	0.00325342350204625	0.00472727272727273
chomebanking_transacciones	0.00415886029154698	0.0123259616691432	0.0170909090909091
Visa_Fvencimiento	0.00406364369056484	0.0117663352854844	0.0146666666666667
cdescubierto_preacordado	0.00399762643129926	0.0173451517997288	0.00945454545454546
mcomisiones_otras	0.00388727920346616	0.00647269567728089	0.0128484848484849
numero_de_cliente	0.00379651679540266	0.0138038258927668	0.0176969696969697
mcaja_ahorro_dolares	0.00371087332214972	0.0109465044730796	0.0127272727272727
cliente_antiguedad	0.00347302852567132	0.0150838305358756	0.0162424242424242
ccaja_ahorro	0.00347234324169052	0.0165338316015794	0.00981818181818182
cextraccion_autoservicio	0.00346937086333905	0.00144755900369539	0.00290909090909091
mpagomiscuentas	0.0032046719022452	0.0114601465100179	0.0103030303030303
Master_mfinanciacion_limite	0.00316282223975511	0.00865181837279252	0.0132121212121212
Visa_mfinanciacion_limite	0.00311033068468485	0.00590024893734404	0.0121212121212121
mtransferencias_emitidas	0.00290093559121991	0.0080225472337918	0.0113939393939394
Visa_mconsumospesos	0.00288777303473473	0.00546983785468475	0.0132121212121212
Master_msaldototal	0.00286992273178867	0.00415012014015934	0.00666666666666667
Master_msaldopesos	0.00271436452687997	0.00440578582491123	0.00775757575757576
thomebanking	0.00270272979573303	0.00589197483332153	0.0063030303030303
mtarjeta_master_consumo	0.00265584599877514	0.00284448416982107	0.00387878787878788
Master_mlimitecompra	0.00261690881809433	0.00738894570504972	0.012
Master_mpagospesos	0.00256395990079287	0.0070811839488276	0.00957575757575758
ctransferencias_recibidas	0.00240723593956428	0.00884125743818817	0.00933333333333333
Visa_cconsumos	0.00224111779892262	0.00787721169564501	0.0113939393939394
Visa_mlimitecompra	0.00218552830598083	0.00558923234982086	0.0096969696969697
Master_mpagominimo	0.00210656282180415	0.00736414591776627	0.00787878787878788
tmobile_app	0.00204529538459193	0.0148702899515033	0.0063030303030303
cpagomiscuentas	0.00191499668443351	0.00459010613312236	0.00496969696969697
ccuenta_debitos_automaticos	0.00188776275736518	0.00641237618255234	0.00496969696969697
mttarjeta_visa_debitos_automaticos	0.001878106581716	0.00630056315432797	0.00909090909090909
ctransferencias_emitidas	0.001764353058726	0.0100689951968807	0.00884848484848485
Visa_mconsumototal	0.00171123100494099	0.00203048164529958	0.00763636363636364
mplazo_fijo_dolares	0.00163680173346671	0.0157062841735583	0.00836363636363636
ccajas_transacciones	0.00162046408814176	0.00230050687990905	0.00242424242424242
ctarjeta_master_transacciones	0.00152947723480121	0.00109539338976987	0.00193939393939394
cmobile_app_trx	0.00143939316551151	0.00225162246723702	0.00351515151515152
Visa_mconsumosdolares	0.0013404339089176	0.00371244669169627	0.00521212121212121
Master_mconsumospesos	0.00122773133147086	0.00199583289617264	0.00509090909090909
Visa_mpagado	0.00104378656957903	0.00337692313908282	0.00424242424242424
active_quarter	0.000803017410721117	0.000123837508797923	0.000484848484848485
Master_fultimo_cierre	0.000775971847178939	0.00161663003307736	0.00315151515151515
catm_trx_other	0.000744453088512139	0.00235257291833383	0.00278787878787879
catm_trx	0.000716950939644474	0.00192933785647266	0.00206060606060606
Visa_mpagosdolares	0.000622769377241517	0.00511225315312017	0.00327272727272727
Visa_fultimo_cierre	0.000605326620671525	0.00154030104805662	0.00351515151515152
Master_cconsumos	0.000577855964858606	0.000828193138498394	0.0023030303030303
Visa_msaldodolares	0.000554328506412938	0.00129127829754603	0.00206060606060606
tcuentas	0.00050631832873931	0.00810496917290898	0.00387878787878788
Master_mconsumototal	0.000487334360425667	0.00114551666556686	0.00266666666666667
matm_other	0.000438984585190002	0.00126700784268871	0.00193939393939394
cseguro_vida	0.000406209576163036	0.00476402749934512	0.00266666666666667
mttarjeta_master_debitos_automaticos	0.000390421340405128	0.00688568196238096	0.00351515151515152
cplazo_fijo	0.000370799921979258	0.00317235868117051	0.00181818181818182
ctarjeta_debito	0.000355546690532521	0.00182855446419118	0.0023030303030303
Master_mconsumosdolares	0.000234051757550472	0.000176457281498262	0.000848484848484848
Master_mpagosdolares	0.000206460358413912	0.0000468496738425342	0.000363636363636364
cseguro_vivienda	0.000171119967490232	0.0030549069486622	0.00157575757575758
ccajas_otras	0.000155042939471094	0.00240700781321878	0.00109090909090909
ctarjeta_master_debitos_automaticos	0.000128485609071245	0.000303134790156906	0.000606060606060606
Master_madelantopesos	0.000127365892927228	0.0000354540101581708	0.000242424242424242
Visa_delinquency	0.0000657763586507733	0.0000919048732192058	0.000363636363636364
Master_delinquency	0.0000534414853300954	0.000165818075146265	0.000121212121212121
Master_msaldodolares	0.0000504916310540487	0.000109958487667601	0.000242424242424242
Master_mpagado	0.0000479346517073881	0.0000969804579008923	0.000242424242424242
Master_madelantodolares	0.0000370617013816979	0.000069451417611834	0.000242424242424242
ccajas_extracciones	0.0000201569602773877	0.000111578395056763	0.000121212121212121
Visa_madelantodolares	0.000015157633868419	0.0000270522656924798	0.000121212121212121
Visa_Finiciomora	0.0000124290811353751	0.0000754861826827001	0.000121212121212121
