Feature	Gain	Cover	Frequency
ctrx_quarter	0.146148415501413	0.019552195245327	0.0197575757575758
mcuentas_saldo	0.056903456214695	0.0295575438678918	0.0294545454545455
cpayroll_trx	0.0549402687002602	0.0192076256667123	0.0103030303030303
mpayroll	0.0533205307913303	0.024311190172099	0.0118787878787879
mcaja_ahorro	0.0482476152474922	0.0102431896836777	0.0162424242424242
mpasivos_margen	0.0435390961334902	0.0166149648616176	0.0149090909090909
mprestamos_personales	0.0395167244521787	0.0453484016026765	0.0244848484848485
cprestamos_personales	0.0322460347857362	0.0142196154429382	0.0135757575757576
mcuenta_corriente	0.0307371004739888	0.0156764931916151	0.0196363636363636
Master_status	0.0296951476479791	0.0151926157170008	0.008
Visa_status	0.0228267501087488	0.0213758416702665	0.00957575757575758
ctarjeta_debito_transacciones	0.0203756319587218	0.00947505451274919	0.0109090909090909
ctarjeta_visa	0.0181621064787578	0.00216911391936025	0.0023030303030303
mrentabilidad_annual	0.0177581787871592	0.040358995868087	0.031030303030303
Visa_mpagominimo	0.0168771231250085	0.0242693061410606	0.0246060606060606
mautoservicio	0.0168322693443153	0.0140922217672907	0.0123636363636364
mtarjeta_visa_consumo	0.0153932952112135	0.00840205634841459	0.0128484848484849
Visa_mpagospesos	0.0135102548057844	0.00403744662091628	0.0121212121212121
Visa_msaldopesos	0.0128917501139602	0.011048193651736	0.0172121212121212
ctarjeta_visa_transacciones	0.0127981096009583	0.0111060250416222	0.00993939393939394
Visa_msaldototal	0.0127943043463641	0.0066706576779458	0.0138181818181818
ccomisiones_mantenimiento	0.0126054142586916	0.0165740872445452	0.0109090909090909
active_quarter	0.0117629382788439	0.00195044710202332	0.00193939393939394
cproductos	0.0112350550229312	0.0101450063315972	0.0149090909090909
mcomisiones_mantenimiento	0.00996000032927581	0.0113459949114588	0.0145454545454545
ccaja_seguridad	0.00979581022622446	0.0332500561318972	0.0143030303030303
ccomisiones_otras	0.00913644759036513	0.0152335868669697	0.0139393939393939
cliente_edad	0.00911250997679709	0.0247233241738064	0.0303030303030303
Visa_mconsumototal	0.00867937762081787	0.00366470306322743	0.00872727272727273
mactivos_margen	0.00864991570506988	0.0204005554522142	0.02
ccajas_consultas	0.00757747809289345	0.0213642641683416	0.011030303030303
Visa_fechaalta	0.0068448105166328	0.0107395070335223	0.0187878787878788
Master_fechaalta	0.00647017368177169	0.0142655494483937	0.0216969696969697
mtransferencias_recibidas	0.00632359049911305	0.00838672069470968	0.0121212121212121
mcomisiones_otras	0.00618816785944897	0.00864537656660259	0.0146666666666667
Visa_cadelantosefectivo	0.00589616826031224	0.000211404923255155	0.000606060606060606
mrentabilidad	0.0056828113220059	0.0226591317163883	0.0207272727272727
mcomisiones	0.00553915034111055	0.00453215894625749	0.0109090909090909
Master_Fvencimiento	0.00548996998894365	0.012116625540065	0.0184242424242424
mcuenta_debitos_automaticos	0.00530411918875905	0.0199505555927006	0.012
Visa_madelantodolares	0.00491311432236767	0.000164861083314693	0.000242424242424242
ccallcenter_transacciones	0.00478348894565188	0.0131786448130122	0.00945454545454546
Visa_cconsumos	0.00459452317069801	0.00910921368281967	0.0144242424242424
Master_mfinanciacion_limite	0.00449675807985173	0.0136317293874513	0.0176969696969697
internet	0.00428370165641538	0.0199903650640953	0.0115151515151515
Visa_Fvencimiento	0.00415925324715756	0.0104302030981919	0.0149090909090909
ccaja_ahorro	0.00388985966890386	0.0169437086741499	0.00981818181818182
mextraccion_autoservicio	0.00384355209674328	0.00430290794635622	0.00618181818181818
chomebanking_transacciones	0.00377704476255375	0.0131764411779714	0.016
tcallcenter	0.00375732167560351	0.00482185090385646	0.00521212121212121
cdescubierto_preacordado	0.00357428005725646	0.0166646588895111	0.00848484848484849
mtransferencias_emitidas	0.00355179717670924	0.00891891913429737	0.0127272727272727
Visa_mconsumospesos	0.00347844446716796	0.0048211849496336	0.0112727272727273
mcaja_ahorro_dolares	0.00341585561839404	0.00879420611146265	0.0130909090909091
ctarjeta_master	0.00336264703208779	0.00175995052244464	0.00290909090909091
Master_msaldototal	0.00335181788186187	0.00446378078696551	0.00739393939393939
cliente_antiguedad	0.00324410447638099	0.0121088043192624	0.0146666666666667
numero_de_cliente	0.00321929663697134	0.0112101290260492	0.0164848484848485
ccuenta_debitos_automaticos	0.00315735075419008	0.00445923508819716	0.00496969696969697
Master_mlimitecompra	0.0030306836181483	0.00727185159394217	0.0141818181818182
Visa_mfinanciacion_limite	0.00294608251135717	0.0054658566972242	0.0123636363636364
Master_msaldopesos	0.00281809171209827	0.00383240193462096	0.00727272727272727
thomebanking	0.00272978347645991	0.00463188933244558	0.00593939393939394
cextraccion_autoservicio	0.00267509780271606	0.00148385637733421	0.00266666666666667
mttarjeta_visa_debitos_automaticos	0.00266321743131039	0.00552089145350604	0.0100606060606061
mpagomiscuentas	0.0026417356607791	0.0135318325127075	0.0111515151515152
Visa_mconsumosdolares	0.00261923928549238	0.00351572760704888	0.00581818181818182
Visa_mlimitecompra	0.00256150353919435	0.00663145991169395	0.0118787878787879
Visa_madelantopesos	0.0023077210593271	0.000447753199340426	0.000242424242424242
ctransferencias_emitidas	0.00222602648872742	0.0116611540061081	0.00981818181818182
tmobile_app	0.0021561500861631	0.016190439621786	0.00703030303030303
Master_mpagominimo	0.0021123148765062	0.0085822661800397	0.00824242424242424
mtarjeta_master_consumo	0.0020623502170512	0.00298754359937759	0.00363636363636364
ctransferencias_recibidas	0.00188429573692854	0.00949968172438924	0.00921212121212121
matm	0.00169923202073802	0.0051446703427265	0.00496969696969697
ctarjeta_master_transacciones	0.0015966591859522	0.000860685971983702	0.00193939393939394
mplazo_fijo_dolares	0.00158203772413975	0.0170442322193	0.00836363636363636
Master_mpagospesos	0.0014711863614268	0.0073082003481676	0.00703030303030303
ccajas_transacciones	0.00146703228449739	0.00275240750963055	0.00242424242424242
cpagomiscuentas	0.0014582902147694	0.00391705668855632	0.0056969696969697
catm_trx	0.000984728379824112	0.00215904603838443	0.00218181818181818
Master_fultimo_cierre	0.000978390821971582	0.00256954695571953	0.004
cmobile_app_trx	0.00094830489659898	0.00160645929802461	0.00387878787878788
Visa_mpagosdolares	0.0007964350070401	0.00628387857381294	0.004
Master_mconsumospesos	0.000722156879920699	0.00302539262126238	0.00375757575757576
cplazo_fijo	0.000661786457314273	0.00408245090938088	0.00242424242424242
Visa_mpagado	0.00065687085858618	0.00341036466983548	0.00303030303030303
Master_mconsumototal	0.000635673855882373	0.00178818997454629	0.00206060606060606
ctarjeta_visa_debitos_automaticos	0.000570382520391528	0.00343573266201556	0.00339393939393939
Visa_fultimo_cierre	0.000541226419232019	0.000730417095098776	0.00278787878787879
tcuentas	0.000522111250418282	0.00771285545947345	0.00351515151515152
cseguro_vida	0.000521313003911464	0.00401951075268956	0.00290909090909091
matm_other	0.000488956021804491	0.00141519387803697	0.0016969696969697
Visa_msaldodolares	0.000468857617536162	0.00127393675647497	0.00218181818181818
Master_mconsumosdolares	0.000407895012491731	0.000178058575006344	0.000727272727272727
Master_cconsumos	0.000400592273187666	0.000764652005864034	0.0023030303030303
catm_trx_other	0.000338889100290856	0.0015611164204748	0.00157575757575758
ctarjeta_debito	0.000312921505818814	0.000927556380984614	0.00206060606060606
Master_madelantopesos	0.000303230007869441	0.0000604054151970357	0.000363636363636364
mttarjeta_master_debitos_automaticos	0.000237901516082184	0.00434091223284914	0.0023030303030303
ccajas_otras	0.000211402670465632	0.00305106553068495	0.00145454545454545
cseguro_vivienda	0.000164184500653861	0.0026407086540104	0.00145454545454545
Master_msaldodolares	0.000143260501000638	0.000249528931855557	0.000363636363636364
Master_cadelantosefectivo	0.000140818589963675	0.0000851523489445686	0.000363636363636364
Master_mpagado	0.000136812050225557	0.000286395858327428	0.000363636363636364
Master_delinquency	0.0000974224870950203	0.000145572729405039	0.000242424242424242
ctarjeta_master_debitos_automaticos	0.0000902747725490968	0.000450665813736443	0.000484848484848485
cseguro_accidentes_personales	0.0000714383881095163	0.000269849888942219	0.000363636363636364
Master_madelantodolares	0.0000333870508201143	0.0000420467782782748	0.000121212121212121
ccajas_extracciones	0.0000222469976984462	0.000540040237627582	0.000242424242424242
Visa_delinquency	0.0000192640590368678	0.0000305459733285558	0.000121212121212121
Master_mpagosdolares	0.0000188257942840734	0.0000305459733285558	0.000121212121212121
Visa_Finiciomora	0.0000148381691473926	0.000237431387026371	0.000121212121212121
ctarjeta_visa_descuentos	0.00000618495246383175	0.000274315149419606	0.000121212121212121
