Feature	Gain	Cover	Frequency
ctrx_quarter	0.167681151947102	0.0239390860013069	0.0227574133998196
mcaja_ahorro	0.0670220116943774	0.0157260614041086	0.023447031987693
mcuentas_saldo	0.0470940390393065	0.0229881928544648	0.0255689353349955
mpayroll	0.0416073872960018	0.0196025865175565	0.0106360405283539
mprestamos_personales	0.0374074740041604	0.0259747465924473	0.00901808922603575
cpayroll_trx	0.0368336884599506	0.0108051291790721	0.00413771152723993
mtarjeta_visa_consumo	0.0339643063241005	0.00802855151030338	0.0129436104185454
mpasivos_margen	0.0295914502369855	0.0171483743616076	0.0210333669301363
mrentabilidad_annual	0.0273378758064077	0.0290853915166358	0.034189167683412
mcuenta_corriente	0.0223150867701873	0.0147215983612987	0.0216699379343271
Visa_mpagominimo	0.019155556244154	0.0155433242650478	0.0230226513182325
cprestamos_personales	0.0180096503535162	0.0103612973058816	0.00564956766219299
Visa_status	0.0177054617564762	0.012064744742954	0.00291761710254098
cliente_edad	0.0172469258224601	0.0315840575702396	0.0357275476102064
ctarjeta_visa_transacciones	0.0144903480028494	0.0170006115726043	0.0151185613495305
Master_status	0.0141252517172246	0.00608619038983151	0.00180361784520715
Visa_msaldopesos	0.0138646050724067	0.0141506460274878	0.0174791788234046
Visa_msaldototal	0.0135872671171795	0.00923036364679767	0.0150389899740067
mactivos_margen	0.0131155642825109	0.0223978069936425	0.0226247944406132
Master_Fvencimiento	0.0127299539447324	0.0158687554072105	0.0269216487189009
Master_fechaalta	0.012508818407014	0.0174677569525467	0.0278499814333457
Visa_fechaalta	0.0122818732073587	0.0122026189914145	0.0229430799427086
cproductos	0.01172604911215	0.0127812622103424	0.0124131345817198
mrentabilidad	0.0115031784242442	0.0164798499441602	0.0211129383056602
Master_mfinanciacion_limite	0.0113254873664398	0.0154831441342118	0.0220943186037876
Visa_Fvencimiento	0.0110995707755461	0.014387132110539	0.0233674606121691
numero_de_cliente	0.0104997018005682	0.0195524866995108	0.025807649461567
mcomisiones_mantenimiento	0.0101503306779861	0.0120436552489509	0.0114052304917511
cliente_antiguedad	0.00950328849827534	0.0173402756692614	0.0204763673014694
mcomisiones_otras	0.00904019934651858	0.0112469506247184	0.0189114635828338
mtransferencias_recibidas	0.00882231711655899	0.0123354526290433	0.0180627022439128
ctarjeta_master	0.00879940764998184	0.000467632535983924	0.000795713755238449
mautoservicio	0.00863031464789505	0.0137160946586615	0.0181422736194366
chomebanking_transacciones	0.00862376561810306	0.0177742217285288	0.0210598907219776
Visa_mpagospesos	0.00835626131670098	0.0130028536792011	0.0196276059625484
mcomisiones	0.00814498301691904	0.0110083514114502	0.0175322264070872
ccaja_seguridad	0.00733276316599419	0.0155655625747904	0.00339504535568405
Visa_mfinanciacion_limite	0.00723429893264097	0.0115555148978193	0.0172404646968331
mcaja_ahorro_dolares	0.0071018946521934	0.0142326263911785	0.0154103230597846
Visa_mconsumospesos	0.00655087364607467	0.00825837918820603	0.0161529892313405
mcuenta_debitos_automaticos	0.00651234076722489	0.0157412105028003	0.0128375152511803
ccajas_consultas	0.00634689498931231	0.0148689048959498	0.00413771152723993
mtransferencias_emitidas	0.00609666177213535	0.0144108118931953	0.0144289427616572
ccomisiones_mantenimiento	0.00591363192875309	0.013178055350464	0.00604742453981221
Visa_cconsumos	0.00577008978710884	0.00862758348198811	0.013182324545117
Master_mlimitecompra	0.00546959011190736	0.00802321369793137	0.0128905628348629
ccomisiones_otras	0.00546077766683257	0.0180729419958743	0.0116704684101639
Visa_mlimitecompra	0.00544846751304107	0.00803358485014949	0.0125988011246088
mttarjeta_visa_debitos_automaticos	0.00482733922503417	0.00921200077242953	0.0121213728714657
ctarjeta_debito_transacciones	0.00443370622246873	0.011135632742629	0.0144289427616572
ctransferencias_recibidas	0.00385293826332187	0.00825590705307034	0.00930985093628985
Master_msaldototal	0.00376156160748747	0.00807071504746494	0.00705532862978091
mpagomiscuentas	0.003754146836777	0.0145587700899391	0.00901808922603575
ccallcenter_transacciones	0.00369101371133894	0.0102133763729394	0.00381942602514456
Visa_mconsumototal	0.00367153556593946	0.00458443555152199	0.00907113680971832
Visa_mconsumosdolares	0.00358964013034521	0.00918967884635145	0.00872632751578166
ctarjeta_visa	0.00350880578932729	0.000585205283515923	0.000530475836825633
Master_msaldopesos	0.00330905064206698	0.00642364228909145	0.00668399554400297
tcallcenter	0.0032880233823809	0.0038255809521886	0.00267890297596944
ccaja_ahorro	0.00324338283012551	0.011285541381285	0.00379290223330327
internet	0.00313521914475453	0.0105432191856715	0.00403161635987481
Master_mpagospesos	0.00296012013564998	0.0121574734412456	0.00753275688292398
Master_mpagominimo	0.00294669530850045	0.00679215129486662	0.00610047212349478
thomebanking	0.0028715393194922	0.00323549683727255	0.00427033048644634
cdescubierto_preacordado	0.00286032691606463	0.0125293925393108	0.00315633122911251
ctransferencias_emitidas	0.00241598003448953	0.01225364131577	0.00652485279295528
mextraccion_autoservicio	0.00239822877547899	0.00576103736287158	0.00811628030343218
cpagomiscuentas	0.0021811080475653	0.00527392494734241	0.00469471115590685
mtarjeta_master_consumo	0.00215586548331687	0.00260044349359058	0.00244018884939791
ctarjeta_visa_debitos_automaticos	0.00209707853966893	0.0069786139052219	0.00572913903771683
cmobile_app_trx	0.00205044019589121	0.00333927652494458	0.00511909182536735
mplazo_fijo_dolares	0.00190705222280841	0.0122768521198491	0.00328895018831892
Master_mconsumospesos	0.00189789233872164	0.0048674286768132	0.00485385390695454
cextraccion_autoservicio	0.00179504653826576	0.00361442607441926	0.00466818736406557
ctarjeta_debito	0.00176785032571325	0.00348059812949694	0.00395204498435096
tmobile_app	0.00175193960906051	0.0095925496216394	0.00198928438809612
Master_fultimo_cierre	0.00154554198411888	0.0033394110381799	0.00336852156384277
matm	0.00145977480815866	0.00583108785678614	0.00445599702933531
Visa_fultimo_cierre	0.00144297100670251	0.00213119770765598	0.0033154739801602
ccuenta_debitos_automaticos	0.00136959972059669	0.00464425485969303	0.00397856877619224
Master_cconsumos	0.00118328759828677	0.0015879823665182	0.00257280780860432
ccajas_transacciones	0.000940885605408246	0.00193316968568248	0.000848761338921012
catm_trx	0.000844475259784128	0.0039020717216809	0.00262585539228688
ctarjeta_master_transacciones	0.000811317977833721	0.00110511257114099	0.00124661821654024
Visa_mpagado	0.000764369273920242	0.00455888076343009	0.00225452230650894
Master_mconsumototal	0.000704686371590485	0.00166141750427293	0.00172404646968331
catm_trx_other	0.000601785283257765	0.00547803151335541	0.00183014163704843
Visa_mpagosdolares	0.000600810207025746	0.00474874619508978	0.00183014163704843
matm_other	0.000582468862935446	0.00280352030625479	0.00175057026152459
ccajas_otras	0.000524690431789987	0.00563739697777862	0.00119357063285767
Visa_msaldodolares	0.000501885468058005	0.00176020111590053	0.0012996658002228
mttarjeta_master_debitos_automaticos	0.000403426564174096	0.00814742667314767	0.00183014163704843
cseguro_vivienda	0.000342549538848052	0.00255107531848028	0.00103442788180998
cplazo_fijo	0.000342080781758957	0.00151171699758239	0.000610047212349478
cseguro_vida	0.000228913597305709	0.002942114382299	0.000716142379714604
Master_mpagosdolares	0.000226944092467328	0.000214167792465949	0.000503952044984351
tcuentas	0.000220013108559302	0.00487539040614724	0.000954856506286139
Master_mconsumosdolares	0.000192980227051024	0.000175588851251126	0.000530475836825633
ccajas_extracciones	0.000157798898936806	0.00402510134397563	0.000848761338921012
cseguro_accidentes_personales	0.000146702118000715	0.000410493494914037	0.000344809293936661
Master_madelantopesos	0.000111559077548542	0.0000547459779036181	0.000132618959206408
Master_msaldodolares	0.000103287077392226	0.000275381312143655	0.000212190334730253
active_quarter	0.0000975342069816864	0.000421792606681245	0.00031828550209538
ctarjeta_master_debitos_automaticos	0.0000698808871807838	0.0000564519329218814	0.000132618959206408
Master_cadelantosefectivo	0.0000487009616153614	0.0000207077672541883	0.0000530475836825633
Master_delinquency	0.0000480236623991925	0.00000607127305380873	0.0000265237918412816
Master_mpagado	0.0000384869485662468	0.0000914608201613512	0.00015914275104769
Visa_madelantopesos	0.0000369917313909875	0.0000404121384827173	0.000132618959206408
Master_madelantodolares	0.0000149605784216541	0.0000259383325872227	0.0000265237918412816
Visa_madelantodolares	0.0000144878187041028	0.00000729825188953355	0.0000265237918412816
Visa_delinquency	0.0000102668819645139	0.0000881025336443118	0.0000795713755238449
mtarjeta_visa_descuentos	0.00000344643164145085	0.000133422587469928	0.0000265237918412816
