Feature	Gain	Cover	Frequency
ctrx_quarter	0.168018696636806	0.0233161549568402	0.0248953864081784
mcaja_ahorro	0.0683183335159173	0.0157416844473058	0.0233592880978865
mpayroll	0.0430590646969308	0.0194265400522182	0.0105143280894115
mprestamos_personales	0.0402894780689808	0.0271722321040445	0.00958737221251126
mcuentas_saldo	0.0377376932387253	0.0244746396989389	0.0272260183272419
cpayroll_trx	0.0354720622229531	0.0109501094787247	0.00431696594099264
mtarjeta_visa_consumo	0.03092098934729	0.00847658117704261	0.0138513692462525
mcuenta_corriente	0.0293014859798908	0.016364006779911	0.0210021717251973
mpasivos_margen	0.0275764176240586	0.0158302971879762	0.0206313893744372
mrentabilidad_annual	0.0257452129517899	0.0306683327912815	0.0347476031569469
Visa_mpagominimo	0.0210625601025092	0.017231029575423	0.024551088511044
ctarjeta_visa_transacciones	0.019795288480423	0.015264196813214	0.0155198898246729
Visa_msaldototal	0.0166130890621643	0.00892918983947536	0.014937231844907
cliente_edad	0.0162082282474689	0.0314479724690027	0.0340854918163038
Visa_status	0.0144722773736375	0.012531725911778	0.00288680544520367
Master_status	0.0140064018661788	0.00537506454337788	0.00153609831029186
Master_fechaalta	0.0138299045946888	0.0189479238098225	0.0300863393188199
Master_Fvencimiento	0.0129511923563399	0.015691039412351	0.0264314847184703
mcomisiones_mantenimiento	0.0128230469946647	0.0134068454846826	0.0120239419460777
cproductos	0.0127998172870943	0.014235758235759	0.0122358175750834
cprestamos_personales	0.0125267260398335	0.00931140695404964	0.00580009534403305
mrentabilidad	0.0120355159525909	0.0146489005034999	0.0218761586948461
Visa_fechaalta	0.0120092714572469	0.0130114735174206	0.0225117855818634
mactivos_margen	0.0116674232094932	0.0228845380415341	0.021796705333969
Visa_Fvencimiento	0.0109820807187647	0.0145073405138651	0.0234652259123894
numero_de_cliente	0.0109501950270254	0.0201053185128189	0.0255574977488214
Visa_msaldopesos	0.0103739897305716	0.0128248674552628	0.0163144234334446
Master_mfinanciacion_limite	0.00985530326493659	0.0130951034845702	0.0194395889612797
mautoservicio	0.00965315830068094	0.0131094291880208	0.0166322368769532
chomebanking_transacciones	0.00962385255621164	0.0169027891401702	0.0225117855818634
mtransferencias_recibidas	0.00952126188938833	0.0137299681542092	0.0194395889612797
mcomisiones_otras	0.00907200623615853	0.0107679563227227	0.0183802108162509
cliente_antiguedad	0.00899032870238774	0.0155639033857993	0.0200487313946713
ctarjeta_master	0.00791572340519889	0.000340937049093031	0.000768049155145929
Visa_mpagospesos	0.00776317910460397	0.0147182020122561	0.0186185708988824
ccaja_seguridad	0.00771368481442704	0.0157366833074987	0.00346946342496954
mcomisiones	0.00768975503130803	0.0126020485860622	0.0182213040944965
Visa_mfinanciacion_limite	0.0073942355390017	0.0104315015658439	0.0166852057842047
ccomisiones_mantenimiento	0.00704490784922989	0.0131875088633977	0.0062238466020446
mcaja_ahorro_dolares	0.00691430910146108	0.015083359601638	0.0150431696594099
Visa_mconsumospesos	0.00686515368253198	0.00797196745614152	0.0172148948567191
ccomisiones_otras	0.00675629258466359	0.0198814169510306	0.0133746490809895
Master_mlimitecompra	0.00657406988182836	0.0101044044319241	0.0150696541130356
ctarjeta_debito_transacciones	0.00631276639337235	0.0114687054535192	0.0146723873086498
mtransferencias_emitidas	0.00594041785248598	0.0132382787891006	0.0134011335346152
ccajas_consultas	0.00585742968628396	0.0145333471755137	0.00389321468298109
mcuenta_debitos_automaticos	0.00569612525704891	0.015067807030251	0.0109910482546745
Visa_cconsumos	0.00560484538755844	0.00838760570221439	0.013136288998358
Visa_mlimitecompra	0.00479430134952818	0.00758613401976031	0.0113618306054346
mttarjeta_visa_debitos_automaticos	0.00429374072932943	0.00755317571868089	0.0111499549764288
ccallcenter_transacciones	0.004181451584555	0.0105895958048779	0.00418454367286403
mpagomiscuentas	0.00365850452839345	0.0155505997661911	0.00858096297473383
Visa_mconsumototal	0.00364366470583539	0.00407834778275362	0.00868690078923672
ctarjeta_visa	0.0036190539024187	0.000554644403573355	0.000423751258011547
Master_msaldototal	0.00348418578127656	0.00789596041619331	0.00654166004555326
ctransferencias_recibidas	0.00347225543106408	0.00864203203212415	0.008660416335611
Master_mpagospesos	0.00343184148315702	0.012731893639869	0.00823666507759945
Master_msaldopesos	0.00339372086806952	0.0068540832269245	0.00733619365432491
Visa_mconsumosdolares	0.00336727152193048	0.00739554339175177	0.00765400709783357
ccaja_ahorro	0.00315288962827483	0.0118457295005926	0.00370782350760104
internet	0.00312572168087598	0.0105197258595553	0.00389321468298109
cdescubierto_preacordado	0.00306910277437316	0.0115826094889799	0.00293977435245511
Master_mpagominimo	0.00288676008570044	0.00696067656205388	0.00609142433391599
thomebanking	0.00283700118898207	0.00285596030180808	0.00354891678584671
tcallcenter	0.00274476883087901	0.00379118997540241	0.00241008527994068
ctransferencias_emitidas	0.00257742687081979	0.0128219270127981	0.00707134911806769
mextraccion_autoservicio	0.00243055221014026	0.00523157150209154	0.00778642936596218
cpagomiscuentas	0.00210553352093584	0.00493626549174569	0.00450235711637269
Master_fultimo_cierre	0.00198711695430972	0.00515566914997624	0.00455532602362413
Master_mconsumospesos	0.0019230393720057	0.00458732441500685	0.00474071719900419
ctarjeta_visa_debitos_automaticos	0.00191666078232499	0.00677739296111942	0.00513798400339001
mtarjeta_master_consumo	0.00188376343400796	0.00255965057390637	0.0024365697335664
tmobile_app	0.0018392133353772	0.00938999445724759	0.00203930292918057
mplazo_fijo_dolares	0.00183507010080332	0.0114519104028521	0.00309868107420944
cmobile_app_trx	0.00183445138754404	0.0031395807623842	0.00482017055988135
ccuenta_debitos_automaticos	0.00177934657098609	0.00438553127056287	0.0037872768684782
matm	0.00176032861304973	0.00693001772004114	0.00505853064251285
ctarjeta_debito	0.00165391714227098	0.00330537047545121	0.00386673022935537
ctarjeta_master_transacciones	0.00148003040744276	0.0016619974041256	0.00164203612479475
cextraccion_autoservicio	0.00140226260408145	0.00332871218893231	0.00421102812648975
Visa_fultimo_cierre	0.00139139870347073	0.00209718839877977	0.00336352561046666
ccajas_transacciones	0.000999781633880963	0.0022926580307904	0.00108586259865459
catm_trx	0.000921363187880108	0.00419095240344627	0.00288680544520367
Master_cconsumos	0.000883779306726279	0.00104778837857079	0.00209227183643201
Visa_mpagado	0.000841482037175901	0.00487735011799113	0.00248953864081784
Master_mconsumototal	0.000777561793560729	0.00218452192759712	0.00233063191906351
matm_other	0.000708515525177486	0.0022465816095962	0.00180094284654908
Visa_mpagosdolares	0.000689150148617677	0.0050310906288162	0.00206578738280629
Visa_msaldodolares	0.000684984271043205	0.00244456191296797	0.00164203612479475
catm_trx_other	0.000644063729343051	0.00485330773068101	0.00185391175380052
mttarjeta_master_debitos_automaticos	0.000459899734930796	0.00499895513737086	0.00145664494941469
ccajas_otras	0.000447726099933682	0.00496284242658936	0.00105937814502887
Master_mconsumosdolares	0.000391378442665688	0.000273215040973702	0.000794533608771651
cplazo_fijo	0.000384040210663996	0.00215644905872006	0.000688595794268764
cseguro_vida	0.000310477053502476	0.00372498226760295	0.000953440330525981
cseguro_vivienda	0.000304520352638854	0.00206826241589594	0.000926955876900259
tcuentas	0.000239113251902248	0.00440235478897398	0.000873986969648816
Master_mpagosdolares	0.000158181911363522	0.000149108533376071	0.000344297897134382
ccajas_extracciones	0.000140515207157911	0.0030579986361765	0.000688595794268764
active_quarter	0.000130458202316084	0.000474322204617841	0.00031781344350866
Master_msaldodolares	0.000123673779276853	0.000172224341533527	0.00015890672175433
Master_cadelantosefectivo	0.0000880707526962253	0.0000184976054233131	0.0000529689072514434
ctarjeta_master_debitos_automaticos	0.0000837050475877457	0.000113132651428808	0.000105937814502887
Master_mpagado	0.0000798059023395913	0.000136800366494839	0.00015890672175433
Master_madelantopesos	0.0000666834486555417	0.0000338720238315497	0.000105937814502887
cseguro_accidentes_personales	0.000059281957023831	0.000199372467886573	0.000185391175380052
Master_delinquency	0.0000430765793552969	0.00000504797383765836	0.0000264844536257217
Visa_delinquency	0.0000310069848810081	0.000174570634630711	0.000132422268128609
Master_madelantodolares	0.0000214762459966879	0.0000117213640283557	0.0000529689072514434
ctarjeta_visa_descuentos	0.0000137217530458982	0.000201564484177367	0.0000529689072514434
Visa_madelantopesos	0.000010907930675164	0.0000379465844860322	0.0000794533608771651
Visa_madelantodolares	0.00000000012896504122524	0.0000118462547763858	0.0000264844536257217
