Feature	Gain	Cover	Frequency
ctrx_quarter	0.152540195491104	0.024645337504726	0.0239363817097416
mcaja_ahorro	0.0519558611487005	0.0134904340101705	0.0223459244532803
mcuentas_saldo	0.0499730300180669	0.0235339481986923	0.0278595096090126
mpasivos_margen	0.0419516353150504	0.0172269597138361	0.0191915175612989
mpayroll	0.0410687605343207	0.0201288407115548	0.0109741550695825
cpayroll_trx	0.0365067233398564	0.00957215755977066	0.00413518886679921
mtarjeta_visa_consumo	0.0358433483764923	0.00964343859484336	0.0148177601060305
mprestamos_personales	0.0325587499827552	0.0270802818609237	0.00927766732935719
mrentabilidad_annual	0.0265036320524994	0.029635874522758	0.0332670642809808
Visa_msaldopesos	0.0258560400001971	0.0133119780474246	0.0170974155069583
mcuenta_corriente	0.0227446188824056	0.0146846633398666	0.0202783300198807
ctarjeta_visa_transacciones	0.0192086136970384	0.0170686211862913	0.0162491716368456
cliente_edad	0.0180173999833945	0.0330659716931939	0.0362624254473161
Visa_mpagominimo	0.01699910710111	0.0174518950163071	0.0228760768721007
cprestamos_personales	0.0168257705837583	0.0100553301847931	0.00564612326043738
cproductos	0.0162895190594368	0.0144482589560868	0.0127501656726309
Visa_status	0.013843936171916	0.012959648668792	0.00320742213386349
mactivos_margen	0.0137394528313317	0.0206426317605481	0.0228230616302187
ctarjeta_master	0.0131336137080501	0.000419261262514563	0.000715705765407555
Master_fechaalta	0.0130377488196778	0.0185340544663738	0.0282306163021869
Master_Fvencimiento	0.0122233175959804	0.0156114076112469	0.0255798542080848
Visa_Fvencimiento	0.0121366421453458	0.0155930102203881	0.0260039761431412
Master_status	0.0118232392804176	0.00499370284410231	0.00156394963552021
Visa_fechaalta	0.01167965674716	0.0127152924855078	0.0228760768721007
mcomisiones_mantenimiento	0.0116354649864609	0.0122678448363764	0.0119549370444003
mrentabilidad	0.0111121231325044	0.01537359104745	0.0210470510271703
Visa_msaldototal	0.0108450026435218	0.00767736161631851	0.0135984095427435
ccomisiones_mantenimiento	0.0104635451934727	0.0136464721827423	0.00638833664678595
numero_de_cliente	0.0102718093867611	0.0174594572175945	0.0244400265076209
Master_mfinanciacion_limite	0.010155982390125	0.0162340781936317	0.0236978131212724
mautoservicio	0.00995629202976478	0.0140767448167724	0.018078197481776
cliente_antiguedad	0.00905618661914998	0.016482469306701	0.0197216699801193
chomebanking_transacciones	0.00901437847544735	0.0176453418829382	0.021895294897283
mcomisiones_otras	0.0082970492461448	0.0119003247599013	0.0190059642147117
mtransferencias_recibidas	0.0082562214732721	0.0126221639811939	0.0169913850231942
Visa_mpagospesos	0.00824136598082717	0.0138833351844698	0.0201988071570577
ccaja_seguridad	0.00762694199921341	0.0151831828652801	0.00341948310139165
Visa_mconsumospesos	0.00719828422261376	0.00900928803329742	0.0173359840954274
mcomisiones	0.00708320395914749	0.0122870940760172	0.0178396288933068
Visa_mfinanciacion_limite	0.00657322273743503	0.0104928671454832	0.0153214049039099
ccomisiones_otras	0.00624678320968178	0.018664163015893	0.0132538104705103
ccajas_consultas	0.00616998287837532	0.0152741899210282	0.00418820410868125
mcaja_ahorro_dolares	0.00613071543079751	0.0123978053567363	0.0138634857521537
mtransferencias_emitidas	0.00607128737506063	0.0149041769608573	0.0143671305500331
mcuenta_debitos_automaticos	0.00605331546873275	0.0169180501029174	0.0121669980119284
Visa_cconsumos	0.0058832086410321	0.00819421586994045	0.0133068257123923
Master_mlimitecompra	0.00565985287611816	0.00836280836827146	0.0133598409542744
Visa_mlimitecompra	0.00525007420407285	0.00787364918976199	0.0121935056328695
ctransferencias_recibidas	0.00458326601737038	0.00921555985568457	0.0104174950298211
ctarjeta_debito_transacciones	0.00446920138860204	0.0132083494624952	0.014234592445328
mttarjeta_visa_debitos_automaticos	0.00420078784555323	0.00866143767192787	0.0110536779324056
mpagomiscuentas	0.00415148125244232	0.0140004099027319	0.00906560636182903
ccallcenter_transacciones	0.00365190914962306	0.010378446054237	0.00416169648774023
ccaja_ahorro	0.00356666709777475	0.0123024128236233	0.00432074221338635
Master_msaldototal	0.00343981524183422	0.00744739332242987	0.00699801192842942
Visa_mconsumosdolares	0.00342323016286108	0.00830016751370178	0.00808482438701127
Master_msaldopesos	0.00337941695502172	0.00617837021662832	0.0065738899933731
internet	0.00322953794389032	0.0108477429889183	0.00389662027833002
cdescubierto_preacordado	0.00319406562460788	0.0105758306781375	0.0028363154406892
tcallcenter	0.00313973341684719	0.00349216225514661	0.00217362491716368
Visa_mconsumototal	0.00313065474233962	0.00394632933832692	0.00797879390324718
Master_mpagominimo	0.0030840116693081	0.00670382650827049	0.00675944333996024
ctarjeta_visa	0.0030779082595098	0.00103153801834307	0.000662690523525514
Master_mpagospesos	0.00307444197315573	0.0125199430355097	0.00808482438701127
thomebanking	0.00291992218238752	0.00341616789898808	0.00394963552021206
mextraccion_autoservicio	0.00276557814061213	0.00514093827654207	0.00681245858184228
ctransferencias_emitidas	0.00267489709073207	0.0125797331935691	0.00694499668654738
cmobile_app_trx	0.00225306332908859	0.00285422832257108	0.00508946322067594
mtarjeta_master_consumo	0.00208836925772607	0.00296615198934984	0.00251822398939695
cextraccion_autoservicio	0.00198900881879881	0.00243948421980237	0.00365805168986084
ctarjeta_visa_debitos_automaticos	0.00197207793428778	0.00713389844018887	0.0056726308813784
ctarjeta_debito	0.00195535410952122	0.00384210954491447	0.00442677269715043
mplazo_fijo_dolares	0.00190411889944405	0.0115594717278123	0.00312789927104042
tmobile_app	0.00178744632307099	0.00933119424114478	0.00196156394963552
cpagomiscuentas	0.00163494764942685	0.00469910665392225	0.00397614314115308
matm	0.00163078697369497	0.0055346386266709	0.0046388336646786
Master_fultimo_cierre	0.00162897407350979	0.00340651875900021	0.00365805168986084
Master_mconsumospesos	0.00162144385603325	0.00420533041868823	0.00442677269715043
ccuenta_debitos_automaticos	0.00147481381045178	0.00441165491402778	0.00458581842279655
ctarjeta_master_transacciones	0.00135591446124653	0.000839366200421948	0.0011663353214049
Visa_fultimo_cierre	0.00131876917085572	0.00169825045417276	0.00307488402915838
Master_mconsumototal	0.00107448856474495	0.0022305560459362	0.00259774685222001
ccajas_transacciones	0.000920212534181154	0.00215411033706482	0.00113982770046388
Master_cconsumos	0.000917870177940346	0.00110666327078694	0.00227965540092777
Visa_mpagado	0.000905589002013951	0.00430908160445515	0.00233267064280981
catm_trx	0.000905313832010241	0.00307612857319834	0.00249171636845593
catm_trx_other	0.000589974886886339	0.00484241522694483	0.00164347249834327
Visa_msaldodolares	0.000577721804815962	0.00281463006836959	0.00143141153081511
Visa_mpagosdolares	0.000573094046250645	0.00463565663382511	0.0018025182239894
matm_other	0.000463613990015705	0.00260776794565377	0.00148442677269715
cplazo_fijo	0.000404328502875212	0.00201788445983192	0.000689198144466534
ccajas_otras	0.000388252713885384	0.00519358216800715	0.00111332007952286
mttarjeta_master_debitos_automaticos	0.00038310682462975	0.00762284874319743	0.00164347249834327
cseguro_vivienda	0.000335748624363614	0.00260140995703683	0.00100728959575878
cseguro_vida	0.000304484735015259	0.00358415284205774	0.00100728959575878
Master_mpagosdolares	0.000295008520546777	0.000255835254290933	0.00047713717693837
Master_mconsumosdolares	0.000250666388178455	0.000319016460699939	0.000662690523525514
active_quarter	0.000222551037153356	0.000305244299954908	0.000424121935056329
tcuentas	0.00016637859738975	0.00473645631794868	0.000901259111994698
ccajas_extracciones	0.000159721932404311	0.00424272185781484	0.000901259111994698
ctarjeta_master_debitos_automaticos	0.000121537536013635	0.0000634391222449164	0.000185553346587144
cseguro_accidentes_personales	0.000120410442026551	0.000349187164575404	0.000238568588469185
Master_cadelantosefectivo	0.000119524290435613	0.0000295831280098511	0.0000530152418820411
Visa_delinquency	0.0000994725236897263	0.000239975246691116	0.000318091451292247
Master_msaldodolares	0.0000762534869272445	0.0000638695874076691	0.000132538104705103
Master_mpagado	0.0000723152257613713	0.000155108222515503	0.000185553346587144
Master_madelantopesos	0.0000292717686840628	0.0000204425544589946	0.0000530152418820411
Visa_madelantopesos	0.0000201004212597739	0.0000447402241413758	0.0000795228628230616
Visa_cadelantosefectivo	0.00000941888395819003	0.0000220200185680694	0.0000530152418820411
ctarjeta_visa_descuentos	0.00000875963795786075	0.0000913494299387538	0.0000265076209410205
mforex_sell	0.000000286651627483398	0.0000343754585242942	0.0000265076209410205
Visa_madelantodolares	0.000000000168928770284712	0.0000179078956631237	0.0000265076209410205
