Feature	Gain	Cover	Frequency
ctrx_quarter	0.116515951304543	0.0208859719643923	0.0234251857120917
mcaja_ahorro	0.0568901384000678	0.0145501482190459	0.0223097006781826
mpasivos_margen	0.0418691737621197	0.0179258095516832	0.0227300283721193
cpayroll_trx	0.0383415847683993	0.00699349542749638	0.0031605409294092
mcuentas_saldo	0.0368186411551781	0.0217057840136268	0.0258905693015285
mprestamos_personales	0.0345823687783262	0.0244923239835181	0.00824488938106747
mtarjeta_visa_consumo	0.0307482619948451	0.0094656421116134	0.0139112300243305
mpayroll	0.028555782581256	0.0155508020124603	0.00854396870175325
mcuenta_corriente	0.0248366525425101	0.0163370336067841	0.0215983768884434
mrentabilidad_annual	0.0229127686754785	0.0289018884966987	0.0291723586041887
Visa_mpagominimo	0.0212998039529587	0.0164495887474434	0.0220914536063308
cliente_edad	0.01958470515831	0.0311705429616159	0.0329553078496197
ctarjeta_visa_transacciones	0.0186016098286896	0.0164530034570667	0.0151641298812574
Visa_msaldopesos	0.0169247211349318	0.014550772093672	0.0179366760162634
Master_fechaalta	0.0164740901774083	0.0189934629898103	0.0295684366234753
cproductos	0.0164694076111498	0.0106363335193428	0.0109931858414233
Visa_Fvencimiento	0.0149932285575696	0.0175349611103278	0.0261088163733803
Master_Fvencimiento	0.0148245145032372	0.0164537999802208	0.0259714015503625
Visa_fechaalta	0.014255290245022	0.0134454360589596	0.0235141011858091
mactivos_margen	0.0139265716102748	0.0230544491762515	0.022519864525151
cprestamos_personales	0.0133993077649686	0.0126023155098209	0.00495501685352388
Visa_status	0.0133202029615181	0.00930564562185521	0.00203697267061667
mrentabilidad	0.0132603519942805	0.0159715436294489	0.0207819711752201
numero_de_cliente	0.013045106868132	0.0218390683610707	0.0250579971385384
cliente_antiguedad	0.0122631654166691	0.0175650430609998	0.0226491961232854
mcomisiones_otras	0.0116465967829539	0.0121483314622375	0.0190844939497062
Visa_mconsumospesos	0.011645238812988	0.00998248160682424	0.0189309126769216
chomebanking_transacciones	0.0115528849007077	0.0190344328649625	0.0225845303242182
Visa_msaldototal	0.0115233568259015	0.0099094443229275	0.0160128684940144
mtransferencias_recibidas	0.0113110807202774	0.0150845867969039	0.0189066630022714
Master_mfinanciacion_limite	0.0112928861951865	0.0147591772069747	0.0217277084865778
Master_status	0.0107266813160584	0.00387571977036954	0.00130948243111072
Visa_mpagospesos	0.010646396926028	0.0148411315027595	0.0208143040747537
ctarjeta_debito_transacciones	0.0105678928982034	0.0130088044532691	0.0136202339285281
mcomisiones	0.0103273705091849	0.0124280612872248	0.0185267514327516
mcomisiones_mantenimiento	0.010099912529841	0.0130250852727048	0.0109931858414233
mautoservicio	0.00988381379885357	0.0147989277914233	0.0167403587335203
Visa_mfinanciacion_limite	0.00955486735844586	0.0129977903625569	0.0178558437674295
Master_mlimitecompra	0.00808110426253181	0.011501562250048	0.0158107878719294
mcaja_ahorro_dolares	0.00768566091522278	0.0123149730230888	0.0136768165027119
Visa_mlimitecompra	0.00761494115276543	0.0106401826961412	0.0145255551154689
ccomisiones_otras	0.00735705845216007	0.0189072914533323	0.0133373210576091
mtransferencias_emitidas	0.0073206634445223	0.0172199641871174	0.0144528060915183
Visa_cconsumos	0.00705746327536186	0.010125604706924	0.0136525668280617
ccomisiones_mantenimiento	0.00683851692699806	0.00978790892916122	0.00492268395399028
ctarjeta_master	0.00657913507737819	0.000335224627127891	0.000476910268120569
mcuenta_debitos_automaticos	0.00636577606522242	0.0142141618514344	0.0094169569891604
ccaja_seguridad	0.00632608303522382	0.0128116537473109	0.00231180231665225
mttarjeta_visa_debitos_automaticos	0.00622745423560807	0.0104234749593936	0.0126179140429866
Visa_mconsumototal	0.00563982464876771	0.00588717251356053	0.0114215967602435
ctransferencias_recibidas	0.00507983852967089	0.00827319445970165	0.00953820536241139
active_quarter	0.00470934813288505	0.000517892461508253	0.000525409617420966
ccajas_consultas	0.00460288225239539	0.0110942524355763	0.00254621583827084
mpagomiscuentas	0.00458137502821889	0.0136080852016514	0.00885113124732243
Master_mpagospesos	0.00443788106366353	0.0121950025332883	0.00840655387873546
Master_msaldopesos	0.00437285339420124	0.00676521865833942	0.00749314946691132
Master_msaldototal	0.00429955063851994	0.00806348309901915	0.00722640304575914
Visa_mconsumosdolares	0.00415929816807425	0.00766647180086595	0.0077194797636465
Master_mpagominimo	0.00378381912146999	0.00760106362143096	0.00639383088276899
mextraccion_autoservicio	0.00359263944806068	0.00573591912233791	0.00742040044296072
ccallcenter_transacciones	0.00355916919768045	0.0081780082036522	0.0031847906040594
ctransferencias_emitidas	0.00339489940517872	0.0119163535007349	0.00712940434715834
internet	0.00313195646477572	0.00828506167445897	0.00269171388617203
thomebanking	0.00299469285861914	0.00302203414317401	0.00367786732194676
tcallcenter	0.00299452661425177	0.00301412045322647	0.00202080622084987
ccaja_ahorro	0.00287478995726103	0.00834728218024705	0.00280487903453962
ctarjeta_visa_debitos_automaticos	0.00285094699284772	0.00597995876534651	0.00592500383953182
cdescubierto_preacordado	0.00265741825413648	0.00881427779244668	0.00208547201991707
cmobile_app_trx	0.00261574549517844	0.00273504454244434	0.00485801815492309
cpagomiscuentas	0.00261548006052356	0.00378382806562722	0.00499543297794088
Master_mconsumospesos	0.00244396062071442	0.00687580509984919	0.00506818200189148
Master_fultimo_cierre	0.00240740350064986	0.00585461024227679	0.00455893883423731
ctarjeta_debito	0.00233551329922509	0.00406049005907768	0.00434877498726892
matm	0.00215417629475973	0.00518724589468694	0.00492268395399028
ctarjeta_visa	0.00209631677655127	0.000469074983482453	0.000428410918820173
cextraccion_autoservicio	0.00207764595710162	0.00354335459496162	0.00419519371448433
mtarjeta_master_consumo	0.00207212229942658	0.00382059239971165	0.00302312610639141
ccuenta_debitos_automaticos	0.0019149735605623	0.00395648418261759	0.00365361764729657
Visa_fultimo_cierre	0.00189073246620566	0.0024963709168733	0.00369403377171356
Master_mconsumototal	0.00158954535640738	0.0042536100859388	0.00322520672847639
tmobile_app	0.00149478410061949	0.00528444922941843	0.00110740180902573
Master_cconsumos	0.00139351903036269	0.00165892025922973	0.00278871258477282
mplazo_fijo_dolares	0.00135634746011426	0.0105935615856534	0.00240880101525305
ccajas_transacciones	0.001350258327792	0.00206842770606383	0.000945737311357739
ctarjeta_master_transacciones	0.00127870775611225	0.00197146785002573	0.0014953966034289
catm_trx	0.00118568454928873	0.00435617754087128	0.00299887643174121
Visa_mpagado	0.00104505191918516	0.00375965790411323	0.00202888944573327
Visa_mpagosdolares	0.0010407017113482	0.00308748690766844	0.00209355524480047
catm_trx_other	0.000865137036510655	0.00672415929686227	0.00230371909176885
matm_other	0.000792473915768366	0.00344858573095799	0.00211780491945066
Visa_msaldodolares	0.000752874361645825	0.00430342677522581	0.00178639269923129
mttarjeta_master_debitos_automaticos	0.000497662851474451	0.00546556733772563	0.00139839790482811
cplazo_fijo	0.000480016742671393	0.00170877932013351	0.000541576067187765
ccajas_otras	0.00041799533538107	0.00480448505663148	0.00093765408647434
Master_mpagosdolares	0.000406565074998003	0.000220837072146299	0.000533492842304366
Master_mconsumosdolares	0.000369707191311691	0.000374572048804987	0.000743656689272752
cseguro_vivienda	0.000316781656332587	0.00262246884838893	0.000808322488339948
cseguro_vida	0.000266190201958087	0.00229735491115886	0.000565825741837964
cseguro_accidentes_personales	0.000242603328078961	0.00081353377721194	0.000533492842304366
tcuentas	0.000212481888550365	0.00366972288268875	0.000662824440438758
ctarjeta_master_debitos_automaticos	0.000146831704519789	0.000239929912387746	0.000234413521618585
ccajas_extracciones	0.00013130818244767	0.00295379402194935	0.00062240831602176
Master_madelantopesos	0.000128181846825964	0.00013637273237692	0.000258663196268783
Master_mpagado	0.000127610758190652	0.000669040872307232	0.000282912870918982
Master_msaldodolares	0.000118509040425751	0.000230183491911734	0.000202080622084987
ccheques_depositados	0.000111565110498646	0.000563193095341916	0.0000889154737173943
mcheques_depositados	0.000074615722361943	0.000314950440914333	0.0000727490239505953
Master_delinquency	0.0000608651752001963	0.0000459776310837412	0.000121248373250992
Master_cadelantosefectivo	0.0000601406998613357	0.0000501284684969916	0.0000808322488339948
Visa_delinquency	0.0000601017903319837	0.000313327671233156	0.000185914172318188
cinversion1	0.0000555703849408704	0.0009809965252928	0.00015358127278459
ctarjeta_visa_descuentos	0.000050576643345893	0.00123555223441342	0.000234413521618585
cinversion2	0.000049502071224419	0.000720425943827021	0.000113165148367593
minversion2	0.0000435776877723272	0.000565691755907126	0.0000889154737173943
Master_madelantodolares	0.000026478095794663	0.0000258643937727001	0.0000646657990671959
mtarjeta_visa_descuentos	0.000025667459723233	0.00114538891218811	0.000226330296735186
Visa_madelantopesos	0.0000249387292065363	0.0000740943608733974	0.000137414823017791
Visa_cadelantosefectivo	0.0000196773497280776	0.0000375206990644387	0.0000404161244169974
mcaja_ahorro_adicional	0.0000188951989509887	0.000131153434567588	0.0000484993493003969
cseguro_auto	0.00000760977452160342	0.000927256666981172	0.000145498047901191
Visa_madelantodolares	0.0000074047183457639	0.0000298090648118027	0.0000808322488339948
Visa_Finiciomora	0.00000564197685803458	0.000327315680271776	0.0000565825741837964
cforex	0.000000878569780375137	0.0000144139386490142	0.00000808322488339948
cforex_sell	0.000000742846186054757	0.0000217695248383211	0.000016166449766799
