Feature	Gain	Cover	Frequency
ctrx_quarter	0.128266273306837	0.0215216431472877	0.0225528598265318
mcaja_ahorro	0.0490942307065872	0.0144139292341216	0.0218733762340621
mcuentas_saldo	0.0447776828223254	0.0227777306465672	0.0264698828890044
mpasivos_margen	0.0441603622829651	0.0184586838160131	0.0214337103801111
cpayroll_trx	0.0432624287219587	0.00708716226147168	0.00311763060074344
mtarjeta_visa_consumo	0.0384720320516406	0.00781269738512678	0.0125604540549183
mpayroll	0.0355535954188335	0.0153794133295644	0.00878332467324833
mrentabilidad_annual	0.0258525289949972	0.0290433622445906	0.0327051440904912
mprestamos_personales	0.0251271048915122	0.0241878951281012	0.00804388664614893
cprestamos_personales	0.0217736501384902	0.00936792514370924	0.00499620288580679
mcuenta_corriente	0.0200379929373086	0.0146154044747616	0.0208141812222711
ctarjeta_visa_transacciones	0.0184020616001504	0.0148904192332274	0.014558935209241
cliente_edad	0.0182834960280164	0.0325946493613452	0.0334945441464487
Visa_mpagominimo	0.0176815941363173	0.0173227644702529	0.022213118030297
Visa_msaldopesos	0.0173669415221868	0.015717598059012	0.0187257684160038
cproductos	0.0156376297128389	0.0130478671278748	0.0115212438546705
Master_fechaalta	0.0152221513715097	0.0204548791285217	0.0300271793436988
Master_Fvencimiento	0.0148196434494939	0.0169144350431445	0.0277189336104561
mactivos_margen	0.0139331023177307	0.0225993774022311	0.0221731484072105
mrentabilidad	0.0139193673765046	0.0168130841139674	0.0226427914784764
Visa_fechaalta	0.0135674257532137	0.0140939438771305	0.0240117510691874
Visa_Fvencimiento	0.0135154999003594	0.0168679581782574	0.0255705663695591
mcomisiones_mantenimiento	0.012497546370167	0.0130436602834179	0.0116811223470163
Master_status	0.0122371976851013	0.00491549869602999	0.00134897477916783
numero_de_cliente	0.0118939622013301	0.0246548070768962	0.0254806347176146
Visa_msaldototal	0.0116064270253112	0.00944270238443022	0.0144889883688397
chomebanking_transacciones	0.0112448281070668	0.0214107700302253	0.0241916143730765
cliente_antiguedad	0.011049554220759	0.0183855629298571	0.0223630041168712
Master_mfinanciacion_limite	0.0109093614509792	0.0155900664974803	0.0219932851033215
Visa_mpagospesos	0.0108058266988696	0.014401905688357	0.0209440824973021
ctarjeta_master	0.0106978214053571	0.000295832597982464	0.000509612694352292
mtransferencias_recibidas	0.010431397601249	0.0136067397340505	0.0184859506774851
mautoservicio	0.0101287291957889	0.0134478622849391	0.0151584795555378
Visa_mfinanciacion_limite	0.00988682480057085	0.0118881914444139	0.0182761101562812
mcomisiones_otras	0.00959277482532334	0.011081763154019	0.018076262040849
ctarjeta_debito_transacciones	0.0092624954854467	0.0126560817282198	0.012540469243375
Visa_mconsumospesos	0.00885836642533266	0.00971875059776581	0.0190555178064671
mcomisiones	0.00866729412862584	0.011559218967347	0.0165274391462489
Visa_cconsumos	0.00730173109947828	0.00931493290280965	0.0147987529477597
Master_mlimitecompra	0.00700896254502258	0.0102938535941631	0.0148287301650745
mcaja_ahorro_dolares	0.00699257280780329	0.0128634975676278	0.0137195731244254
ccomisiones_otras	0.00685104890735136	0.0192782848701408	0.0134597705743635
mtransferencias_emitidas	0.00675828955208481	0.0158012547332056	0.01411926935529
Visa_status	0.00675040189924699	0.00972671368554964	0.00223829889284144
ccaja_seguridad	0.00644810460785567	0.0111884617326055	0.00230824573324274
Visa_mlimitecompra	0.00637133401842912	0.00916177394884719	0.0133798313281906
ccomisiones_mantenimiento	0.00635460227406344	0.0102507113122473	0.00533594468204165
mcuenta_debitos_automaticos	0.00617963381898464	0.0146439037342907	0.00970262600423678
mttarjeta_visa_debitos_automaticos	0.00575978410997676	0.00955768441844492	0.0122806666933131
ccajas_consultas	0.0055024372941725	0.0120455774340715	0.00321755465845957
Visa_mconsumototal	0.00495199015251934	0.00532345458523361	0.0104920260601943
ctarjeta_visa	0.00473553022195466	0.000750532549457332	0.000539589911667133
ctransferencias_recibidas	0.00461287972612023	0.00800207571850374	0.00928294496182901
mpagomiscuentas	0.00433670629612521	0.0136979395182757	0.0089831727886806
Master_mpagospesos	0.00413569721065199	0.0132624077821651	0.00901315000599544
Visa_mconsumosdolares	0.00400127525470436	0.00778816873256898	0.0075842359806547
Master_msaldototal	0.00390253566102806	0.00728568015877211	0.00671489667852432
ccallcenter_transacciones	0.00387082690557012	0.0087629939677956	0.00355729645469443
Master_msaldopesos	0.00379945955863037	0.00716373046501164	0.00715456253247532
Master_mpagominimo	0.00349434108885974	0.00822047155318755	0.00679483592469723
ccaja_ahorro	0.00344081465569805	0.00933560401932951	0.00358727367200927
mextraccion_autoservicio	0.00318760494054687	0.00522486312526273	0.00692473719972821
thomebanking	0.0030268503691269	0.00297335061661137	0.00388704584515768
ctransferencias_emitidas	0.00295384537306878	0.0124887798215341	0.00725448659019146
internet	0.0029357823153994	0.00993842891258925	0.00339741796234862
cdescubierto_preacordado	0.00287620119570803	0.00808411069975779	0.00228826092169951
cpagomiscuentas	0.00287595086212967	0.00499137198445887	0.00565570166673328
tcallcenter	0.00259584035695238	0.00287119372051365	0.00193852671969303
ctarjeta_visa_debitos_automaticos	0.00237211634670518	0.00733370569162108	0.0056656940725049
ctarjeta_debito	0.00229034329265456	0.00409145422343893	0.00470642311842999
Master_mconsumospesos	0.00220342432150221	0.00534349371600111	0.00489627882809065
cmobile_app_trx	0.00219598863691172	0.00258084573583891	0.00435668891642352
matm	0.002168580005314	0.00526711127185161	0.0052260282185539
ccuenta_debitos_automaticos	0.00214979606328088	0.00437949805132645	0.00421679523562093
cextraccion_autoservicio	0.00205343164829533	0.00381268288512566	0.00443662816259643
Master_fultimo_cierre	0.00200529493081148	0.00492367547441698	0.0041968104240777
mtarjeta_master_consumo	0.00196311434093826	0.00350987286829902	0.00267796474679244
mplazo_fijo_dolares	0.00169393962835333	0.0100552466666674	0.00274791158719373
Master_cconsumos	0.00161935892277934	0.00196651890379865	0.00306766857188537
Visa_fultimo_cierre	0.00161676353281756	0.0022138184958147	0.00341740277389184
ctarjeta_master_transacciones	0.0014301243064064	0.00172165201945235	0.0013989368080259
tmobile_app	0.00118009567814307	0.00840934039432326	0.00169870898117431
Master_mconsumototal	0.00109631892296573	0.00306383966925557	0.00248810903713178
ccajas_transacciones	0.00107705797660128	0.00195070176091671	0.000969263359846517
catm_trx	0.00101173726240209	0.00374482989298854	0.00252807866021823
catm_trx_other	0.000774231447875673	0.00672230086825373	0.0021383748351253
Visa_mpagado	0.000774167248524699	0.0033958768397446	0.00179863303889044
Visa_mpagosdolares	0.000686200909294479	0.00393027800187042	0.00173867860426076
matm_other	0.000655242867723989	0.00298057167639522	0.00172868619848915
Visa_msaldodolares	0.000616804528297816	0.00320160314069163	0.00155881530037172
mttarjeta_master_debitos_automaticos	0.000475807116130901	0.00709791880704587	0.00179863303889044
ccajas_otras	0.00040558628164596	0.00522031033759307	0.00111914944642072
Master_mconsumosdolares	0.000363976972985222	0.000325523140559119	0.000849354490587154
cseguro_vivienda	0.000328644077235763	0.00250180074042603	0.000909308925216835
cplazo_fijo	0.000308572335778171	0.00155912096580771	0.000539589911667133
cseguro_vida	0.00030776537807698	0.00260820587301883	0.000749430432871018
active_quarter	0.000306407013627139	0.000870786515738499	0.000679483592469723
tcuentas	0.000249758609585104	0.00543434082660085	0.00104920260601943
Master_mpagosdolares	0.000232833035847898	0.000156398301594086	0.000369719013549702
cseguro_accidentes_personales	0.000151470729188853	0.000395642935692975	0.000309764578920021
ccajas_extracciones	0.000138842990425871	0.00423857566069051	0.000869339302130381
Master_msaldodolares	0.000100531021040287	0.000158354496044805	0.000179863303889044
Master_mpagado	0.0000974430159600456	0.000779586394992742	0.000289779767376794
ctarjeta_master_debitos_automaticos	0.0000967793669052535	0.000162426395727191	0.000199848115432271
Master_cadelantosefectivo	0.0000743907102569019	0.0000423629001253821	0.0000899316519445222
Master_madelantopesos	0.0000535179758110101	0.0000374671979287419	0.0000999240577161357
Visa_delinquency	0.0000451489710758966	0.0000952965864344915	0.000109916463487749
Visa_madelantopesos	0.0000314242288057381	0.0000792304182827181	0.0000999240577161357
Master_delinquency	0.0000283640040547241	0.0000370640462081222	0.0000999240577161357
Master_madelantodolares	0.0000228016779015933	0.0000177793947040896	0.0000599544346296815
ctarjeta_visa_descuentos	0.0000112294898332059	0.000985260403594488	0.000179863303889044
Visa_madelantodolares	0.00000919347998135383	0.0000162206311231961	0.0000499620288580679
Visa_cadelantosefectivo	0.00000690707059916041	0.00000543850998074672	0.0000199848115432271
mtarjeta_visa_descuentos	0.00000661985728972271	0.000150326796299077	0.0000399696230864543
mcaja_ahorro_adicional	0.00000161362303860607	0.0000515987089504297	0.00000999240577161357
