Feature	Gain	Cover	Frequency
ctrx_quarter	0.114673028655239	0.0197837346285435	0.0216428639892648
mcaja_ahorro	0.0615181146199219	0.0154659626286982	0.0226972107735071
cpayroll_trx	0.0462619279450041	0.0115952447804459	0.00368062877408224
mpasivos_margen	0.0372762819920178	0.0182591186567547	0.0223138119428736
mprestamos_personales	0.0354771153401854	0.0291714363154372	0.00906738234448385
mpayroll	0.0352529311626158	0.017961045279917	0.00916323205214224
Visa_msaldototal	0.0281363882215465	0.0112027529140983	0.0179814051567143
mcuentas_saldo	0.0259184110512789	0.0238525152102706	0.0238665772069395
mrentabilidad_annual	0.0252168403823456	0.0306349386531705	0.0277964152209336
mtarjeta_visa_consumo	0.0242784090989972	0.00976955499439115	0.0150100642193041
Visa_mpagominimo	0.0206049034713178	0.0162874359331106	0.0224863414166587
mcuenta_corriente	0.0202492313819745	0.0149886954109796	0.0203009680820474
Visa_msaldopesos	0.0200635997351845	0.0130702157192997	0.0195341704207802
ctarjeta_visa_transacciones	0.0198884965080147	0.0157868661055483	0.0157960318221029
cproductos	0.0183502815772765	0.0106995693196528	0.0108885267899933
Master_status	0.0166153781389045	0.00579397461432584	0.00197450397776287
mautoservicio	0.0159758380265325	0.0142659955616884	0.0160835809450781
mactivos_margen	0.0157434444609329	0.0200539850514852	0.0208377264449343
Visa_mpagospesos	0.015563832572841	0.0134382229137092	0.0231572893702674
ctarjeta_debito_transacciones	0.0155046162800707	0.0125365379153792	0.0125563117032493
cliente_edad	0.015361149116816	0.0270680509265332	0.0303268475031151
cprestamos_personales	0.0132424161479406	0.011069179897423	0.00506086456436308
mcomisiones_mantenimiento	0.0123728115757541	0.0118211446431117	0.0104476181347647
Master_fechaalta	0.0122402696019633	0.01658011009761	0.025265982938752
mcomisiones	0.012149494504175	0.0143238323400642	0.0232147991948625
mrentabilidad	0.0117480456854093	0.015052471637934	0.0213744848078213
Master_mfinanciacion_limite	0.0116454529027382	0.0137951395148632	0.0199942490175405
Master_Fvencimiento	0.0115688091084126	0.0159063110782696	0.024077446563788
Visa_fechaalta	0.0113792539360023	0.0124699534049944	0.0211636154509729
mtransferencias_recibidas	0.0113756038241159	0.012400682676219	0.0177705357998658
Visa_status	0.0113273802104492	0.0115728651398059	0.00254960222371322
Visa_Fvencimiento	0.00999150393468295	0.0148029612465179	0.0215278443400748
ctarjeta_master	0.00972387197930524	0.000798928285331463	0.000900987251988881
numero_de_cliente	0.00964155148005548	0.0178085797451562	0.0221604524106201
mcomisiones_otras	0.00949589000416583	0.0113451461142899	0.0184798236365379
chomebanking_transacciones	0.00897901324768256	0.0167579171221363	0.020799386561871
cliente_antiguedad	0.00860132348929181	0.0160960096002153	0.020205118374389
mcaja_ahorro_dolares	0.0085338798589535	0.0122416996558527	0.0150292341608358
ccomisiones_mantenimiento	0.00834382254819109	0.0141980675483501	0.00697785871753091
Visa_mfinanciacion_limite	0.00822381944182335	0.011134113773464	0.0178663855075242
Master_mlimitecompra	0.00720574586258413	0.00941123582655474	0.0168312086648136
Visa_mconsumospesos	0.00710477670512965	0.0084417984310404	0.0181539346304994
ccaja_seguridad	0.0069823493606881	0.0196883474938794	0.00331639988498035
mtransferencias_emitidas	0.00673791719448823	0.0124547236256173	0.0141090769673153
mcuenta_debitos_automaticos	0.00662388989242717	0.0184448803842898	0.0114827949774753
Visa_mlimitecompra	0.00655414978902393	0.0101074593749691	0.0153359532253427
Visa_mconsumototal	0.00638940034562406	0.0072594433804735	0.0160069011789514
ctarjeta_visa	0.00621509526335109	0.0011599683222794	0.000862647368925525
Visa_cconsumos	0.00598897797912544	0.00759480329561022	0.014185756733442
ccomisiones_otras	0.00564333369683509	0.0138024862552226	0.0118661938081089
mpagomiscuentas	0.0050616088671962	0.0110574781914525	0.00847311415700182
mttarjeta_visa_debitos_automaticos	0.00449103134081336	0.00885054227303338	0.011501964919007
Master_msaldopesos	0.00448149343398586	0.00718122725307648	0.00868398351385028
cextraccion_autoservicio	0.0043143930206091	0.00467431531823267	0.00674781941915077
ccajas_consultas	0.00415902079701579	0.0149126465286751	0.00274130163903
mextraccion_autoservicio	0.00404177476958749	0.00607943512873506	0.00973833029809259
Master_msaldototal	0.00385497622062605	0.00826733283853731	0.00768714655420301
ccallcenter_transacciones	0.0038014434620988	0.010312778284419	0.00360394900795553
Visa_mconsumosdolares	0.00367888842361736	0.00702744262837015	0.00787884596951979
ctransferencias_recibidas	0.00359000028302761	0.00830030851214278	0.00816639509249497
Master_mpagominimo	0.00353756013411835	0.00695582510076633	0.00684366912680916
Master_mpagospesos	0.00338718596298109	0.0113337216140871	0.00726540784050609
ccaja_ahorro	0.00317453209820381	0.0116879393965884	0.00322055017732196
ctransferencias_emitidas	0.00302291550319313	0.0112768456057014	0.00649861017923895
tcallcenter	0.00295670168491594	0.00410695858857452	0.00231956292533308
cdescubierto_preacordado	0.00294682540018698	0.0124353987610362	0.00254960222371322
internet	0.00286573007570238	0.0115311724473306	0.00323972011885364
thomebanking	0.00262933251039703	0.00392407208336245	0.00381481836480399
ctarjeta_visa_debitos_automaticos	0.00262593373411916	0.00594825222428943	0.00665196971149238
ccuenta_debitos_automaticos	0.00255044905618109	0.00570247623557283	0.00529090386274322
ccajas_transacciones	0.00237362375999959	0.00375043574561318	0.00157193520559762
cpagomiscuentas	0.00232510941861396	0.00531003949537213	0.00519505415508483
Master_mconsumospesos	0.00216576916834559	0.00434024456741882	0.00500335473976804
matm	0.00211307690548093	0.00465875793203927	0.00571264257644014
cmobile_app_trx	0.00184810677404988	0.0030081196506783	0.00440908655228602
mtarjeta_master_consumo	0.00172518335451973	0.00244126063137572	0.00264545193137161
ctarjeta_master_transacciones	0.00163988597079514	0.00166951032402047	0.00214703345154797
tmobile_app	0.00160609121934668	0.009451888209885	0.00164861497172434
Master_mconsumototal	0.00155883773633586	0.00295436929482623	0.00358477906642385
mplazo_fijo_dolares	0.00155012551634318	0.0110706139647608	0.00276047158056168
ctarjeta_debito	0.00150950760955359	0.00323554965768084	0.00381481836480399
Master_fultimo_cierre	0.00149954042682853	0.00274444183948899	0.00310553052813189
catm_trx	0.00143361977421182	0.00473462489805866	0.00358477906642385
Master_cconsumos	0.00113255799255327	0.00225447198247404	0.00283715134668839
Visa_fultimo_cierre	0.00104631461888277	0.00169827672254603	0.00249209239911818
catm_trx_other	0.000950505295189157	0.00456193357997186	0.00239624269145979
Visa_msaldodolares	0.000848388845614716	0.00332130074185327	0.00170612479631937
Visa_mpagado	0.000747498534910956	0.00370653485719318	0.00182114444550944
Visa_mpagosdolares	0.000656804934867918	0.00345037073983689	0.00176363462091441
matm_other	0.000602407053591594	0.00200598378732615	0.00164861497172434
Master_mconsumosdolares	0.000506401234968841	0.000482300234937637	0.00128438608262245
mttarjeta_master_debitos_automaticos	0.000486708564655883	0.00544302817488946	0.00145691555640755
tcuentas	0.000428664711856157	0.00536967496117223	0.000996836959647273
cplazo_fijo	0.000428561494914523	0.0027668821188907	0.00069011789514042
Master_mpagosdolares	0.00034767046898648	0.00050264020813951	0.000766797661267133
ccajas_otras	0.000332788092297456	0.00441410809175378	0.000843477427393846
Master_madelantopesos	0.0003059929133949	0.000260729349842404	0.000517588421355315
cseguro_vida	0.000293305818970939	0.00328523170388599	0.000728457778203776
active_quarter	0.000273528805415729	0.000471921556494572	0.000555928304418672
cseguro_vivienda	0.000233715148646755	0.00255439208523541	0.000766797661267133
Master_madelantodolares	0.000230520385226116	0.0000798517989294674	0.00023003929838014
Master_msaldodolares	0.000198832405723509	0.000316807604129695	0.000364228889101888
Master_mpagado	0.000191314967983458	0.000217821519584388	0.000364228889101888
mcheques_depositados	0.000148357709708971	0.00102684970255849	0.000210869356848462
cseguro_accidentes_personales	0.00014829225433073	0.000413253948332116	0.000306719064506853
ccheques_depositados	0.00013960739731409	0.00100024818657637	0.000153359532253427
minversion2	0.000128005824160788	0.00188656716519465	0.000383398830633567
cinversion1	0.000110363692823098	0.00346135344334755	0.000517588421355315
ctarjeta_master_debitos_automaticos	0.000106329435594646	0.000296666872573326	0.000191699415316783
Master_cadelantosefectivo	0.0000915940530425154	0.00007674347175633	0.000191699415316783
Visa_madelantopesos	0.0000895576725538843	0.000123736937021753	0.00034505894757021
Visa_delinquency	0.0000663666581986381	0.000194738626812199	0.000172529473785105
Visa_cadelantosefectivo	0.0000565511946447251	0.0000448081072959637	0.0000958497076583916
cinversion2	0.000056210428802712	0.00151088877367507	0.00023003929838014
Master_delinquency	0.0000550990412584519	0.0000900721865790687	0.000191699415316783
ctarjeta_visa_descuentos	0.0000252485316037181	0.000619713969024472	0.00011501964919007
ccajas_extracciones	0.0000240708182332399	0.000397683961876555	0.00011501964919007
mtarjeta_visa_descuentos	0.0000167468584151207	0.00041339176369956	0.0000766797661267133
Visa_madelantodolares	0.0000127911668041809	0.0000460830963239114	0.000134189590721748
cforex	0.00000158990792922647	0.0000439457768539609	0.0000383398830633567
cforex_sell	0.000000391343522386098	0.0000268535212254397	0.0000191699415316783
