Feature	Gain	Cover	Frequency
ctrx_quarter	0.116376092605356	0.0201041037071894	0.0221445445291643
mcuentas_saldo	0.0462764023585358	0.0243174088490166	0.027695085178712
mcaja_ahorro	0.0408267443369522	0.0142085939007239	0.0227399312424376
mpayroll	0.0399441809014992	0.01960640515878	0.0100639560566194
cpayroll_trx	0.0397111559558241	0.012252625832651	0.00384120460176311
mpasivos_margen	0.0385250680902749	0.0174942026612959	0.0204736205273974
mprestamos_personales	0.0328247729470372	0.0303533659060605	0.00919968502122265
mcuenta_corriente	0.0281492662521103	0.0142193479221364	0.0174198628689957
mtarjeta_visa_consumo	0.0258186313098859	0.0104493357459631	0.0152879943150172
mrentabilidad_annual	0.0224783441679718	0.0313999880416611	0.0280984116618972
ctarjeta_debito_transacciones	0.0209841119304578	0.012528432571378	0.0130985076920122
Visa_status	0.020841495824673	0.0112072548640129	0.00255440106017247
ctarjeta_visa_transacciones	0.0186462265880959	0.0159925941741858	0.0161138533043963
Visa_mpagominimo	0.0183374459363847	0.0153044974533102	0.0202623542743004
cprestamos_personales	0.0179341431582715	0.0116064641765076	0.00570418883361822
Master_status	0.0172921228117379	0.00779249734161841	0.0020934565079609
mautoservicio	0.0167808145410665	0.0143612109460835	0.0164211496725373
Visa_msaldototal	0.0163769324599731	0.0109859217664592	0.0173238327539516
cliente_edad	0.0154582214301632	0.0276007313215718	0.0300382199857875
ccomisiones_mantenimiento	0.0129548616876527	0.0133573738140625	0.006664489984059
mactivos_margen	0.0127544990670938	0.0217365576683089	0.02124186144775
Master_fechaalta	0.0126777357359188	0.0161749392947797	0.0262738394760597
Visa_fechaalta	0.0123232838337816	0.0133932809605447	0.0232776998866845
cproductos	0.0118546125010412	0.0106474997004678	0.0113315535752012
Visa_msaldopesos	0.0117243533374044	0.0126068429912446	0.0179192194672249
Master_Fvencimiento	0.0115538722531978	0.0160529865235896	0.0243148251291605
Visa_Fvencimiento	0.0106476549732352	0.0143991772553971	0.0220869264601379
mcomisiones_mantenimiento	0.0105726699059281	0.0122980128836516	0.0116964680123687
Visa_mconsumototal	0.0104851537987496	0.00655132942694158	0.0127912113238712
mrentabilidad	0.0104532273284118	0.0154498639030277	0.0199166458601417
ctarjeta_visa	0.010269365112375	0.00134333230516057	0.000768240920352623
Visa_mpagospesos	0.00988143095607876	0.0105109499813821	0.0184377820884629
mcomisiones_otras	0.00971497224833983	0.0129148730167383	0.0207809168955384
mtransferencias_recibidas	0.00951548824021824	0.0138771106278552	0.0169397122937753
Master_mfinanciacion_limite	0.00950443823257388	0.0145823343287447	0.0221637505521732
numero_de_cliente	0.00947640966245791	0.0163248949394469	0.0219524842990762
cliente_antiguedad	0.00938905865269811	0.0162870038109438	0.0214915397468646
mcomisiones	0.00908971826066069	0.0124730243140233	0.0187258724335952
ccomisiones_otras	0.00897028769668119	0.0138856662040926	0.012080588472545
Visa_mconsumospesos	0.0084058916777703	0.0102018017402541	0.0206272687114679
Master_mlimitecompra	0.00815769542482539	0.011143286282159	0.0195517314229742
chomebanking_transacciones	0.0081083112007246	0.0145449496814914	0.0188026965256304
Visa_mlimitecompra	0.00729565845833785	0.0109884874105404	0.0161330593274051
Visa_cconsumos	0.00718462283671921	0.00894852575819844	0.0167476520636872
Visa_mfinanciacion_limite	0.00711098538421054	0.0107733389238734	0.0172085966158987
ccaja_seguridad	0.00683344240810664	0.0195773829917876	0.00324581788848983
mcaja_ahorro_dolares	0.00644041934400308	0.0133614470312389	0.0146157835097086
mtransferencias_emitidas	0.00631464854715245	0.0115331478500866	0.0135978642902414
ctarjeta_master	0.00626018962628434	0.000962409339915633	0.00109474331150249
mcuenta_debitos_automaticos	0.0058784159832342	0.0176070498492664	0.00971824764246068
mttarjeta_visa_debitos_automaticos	0.00481602267163013	0.00806080024407838	0.0118501161964392
ccajas_consultas	0.00470144312251968	0.0140423596321364	0.00282328538229589
Master_msaldopesos	0.00453788069768875	0.00731574179288959	0.00870032842299345
Master_msaldototal	0.00421030403915684	0.00688394041196815	0.00743273090441162
ctransferencias_recibidas	0.00414505566404611	0.0091468780604179	0.00994871991856646
mpagomiscuentas	0.00414483056412636	0.010795438916659	0.00889238865308161
ccallcenter_transacciones	0.00406294705272151	0.0103947710964402	0.00386041062477193
Visa_mconsumosdolares	0.00399646508407313	0.00641329350193847	0.00710622851326176
Visa_madelantodolares	0.00394152356648643	0.000272732239265142	0.000288090345132233
mextraccion_autoservicio	0.00345702145851921	0.00582451933690886	0.00871953444600227
internet	0.00341673602032875	0.0119495276683276	0.0032074058424722
ctransferencias_emitidas	0.0033350705062549	0.0114450873796568	0.00781685136458793
ccaja_ahorro	0.00321716060070635	0.0114762225231132	0.00311137572742812
Visa_cadelantosefectivo	0.00320188692524917	0.000119826341317736	0.0000576180690264467
ccuenta_debitos_automaticos	0.00302044985798816	0.0064233479461246	0.00558895269556533
tcallcenter	0.00300768070877945	0.00392614610071141	0.00207425048495208
cdescubierto_preacordado	0.00297289410507553	0.0113035963028774	0.00255440106017247
matm	0.00292741431195098	0.00574544732590966	0.00674131407609426
Master_mpagospesos	0.00283583847103419	0.0104651268816805	0.00679893214512071
Master_mpagominimo	0.00282610083434093	0.00661089874431443	0.00645322373096203
cpagomiscuentas	0.00273284632445008	0.00563292855937466	0.00631878156990032
thomebanking	0.00273249212506879	0.00368990108723497	0.00362993834866614
mtarjeta_master_consumo	0.00219941685037406	0.00296006002347278	0.00322661186548102
ctarjeta_visa_debitos_automaticos	0.00214288022655303	0.00514821334125394	0.00558895269556533
ccajas_transacciones	0.0020415509801586	0.00265692941269427	0.00115236138052893
cextraccion_autoservicio	0.00199515019016086	0.00395664735122866	0.00474388768317744
Master_mconsumospesos	0.00198300706310695	0.00470178414873578	0.00482071177521271
catm_trx	0.00198149834604389	0.00389474901148353	0.00387961664778074
cmobile_app_trx	0.0018097575369956	0.00291371224085141	0.00412929494689535
ctarjeta_master_transacciones	0.00180438008600102	0.0014444995606837	0.00124839149557301
tmobile_app	0.00171747799790964	0.00919783482241274	0.0017285420707934
Visa_fultimo_cierre	0.00171412712313069	0.0023974875579755	0.00353390823362206
Master_fultimo_cierre	0.00160209146033514	0.00347515699419085	0.00368755641769259
ctarjeta_debito	0.00150628141486685	0.00296263199856958	0.00372596846371022
mplazo_fijo_dolares	0.00145406432293487	0.0110415595231302	0.00253519503716365
Master_cconsumos	0.00136623713626865	0.00221015122293989	0.00309216970441931
Master_mconsumototal	0.00130647289518305	0.00281001257907911	0.00347629016459562
Visa_mpagosdolares	0.00109179819055981	0.0039595073875363	0.00249678299114602
catm_trx_other	0.000760706055574505	0.00326061865915449	0.0017285420707934
Visa_mpagado	0.000757498182232735	0.00313408302403038	0.00170933604778459
matm_other	0.000719244956727693	0.00253829013680582	0.00193980832389037
Master_mconsumosdolares	0.000674276326852623	0.000686027270143887	0.0012291854725642
Visa_msaldodolares	0.000626400249830689	0.00284993596359714	0.00163251195574932
cplazo_fijo	0.000593538815188098	0.00305163025068855	0.000883477058405516
Master_mpagosdolares	0.000582633951528218	0.000354651624540746	0.000883477058405516
mttarjeta_master_debitos_automaticos	0.000429112585476771	0.00649422920566167	0.00157489388672288
active_quarter	0.000395864209080576	0.000558641696172405	0.00051856262123802
cseguro_vida	0.000334858120287988	0.00277760015322071	0.000787446943361438
ccajas_otras	0.000307091862269298	0.00431601795653932	0.000825858989379069
cseguro_vivienda	0.000293189251371438	0.00220239810293269	0.000787446943361438
tcuentas	0.000262961245405482	0.00434162770611092	0.000787446943361438
ccheques_depositados	0.000193486340798657	0.0014049552457261	0.000211266253096971
Master_madelantodolares	0.000174136175588018	0.000166693267220183	0.00034570841415868
Master_msaldodolares	0.00017360643681725	0.000318080512795045	0.00034570841415868
Master_cadelantosefectivo	0.000152062729216043	0.000113519067003419	0.000211266253096971
Master_mpagado	0.000146266332854876	0.000330904776316188	0.000326502391149865
ctarjeta_master_debitos_automaticos	0.000139281774922221	0.000429849845355684	0.000364914437167496
Visa_madelantopesos	0.000134254426456358	0.000369398934057346	0.000460944552211574
cinversion1	0.000123157158558261	0.0038591101417883	0.000576180690264467
Master_madelantopesos	0.000118305876291337	0.000142746200626552	0.000307296368141049
cseguro_accidentes_personales	0.000116964908687032	0.000398251746381774	0.000288090345132233
minversion2	0.0000846118367351256	0.0014331369703945	0.000288090345132233
cinversion2	0.000079592596772579	0.00189998527105043	0.000288090345132233
Visa_delinquency	0.0000718904783255392	0.000135612728773446	0.000230472276105787
mcheques_depositados	0.0000716494430023182	0.000383429256054652	0.0000768240920352623
ccajas_extracciones	0.0000508491546741783	0.000987768222993172	0.000230472276105787
ctarjeta_visa_descuentos	0.0000255590739533386	0.000624435984656473	0.000115236138052893
Master_delinquency	0.0000246582942537448	0.0000511419442018122	0.0000960301150440778
mtarjeta_visa_descuentos	0.0000195748404384408	0.000264071409893011	0.0000576180690264467
Visa_Finiciomora	0.0000142422168774444	0.000064431537371239	0.0000192060230088156
minversion1_pesos	0.00000450128358538331	0.0000286438888088728	0.0000192060230088156
cforex	0.00000162965308842142	0.0000350342577032407	0.0000192060230088156
mforex_sell	0.000000538641360829123	0.0000297146218260963	0.0000192060230088156
