Feature	Gain	Cover	Frequency
ctrx_quarter	0.0709346816731545	0.0195596501904455	0.0222043258168431
mcuentas_saldo	0.056173191677023	0.0235116083343186	0.0262118423071023
mpasivos_margen	0.0487321198575189	0.0189436360792211	0.0206895229329652
mcaja_ahorro	0.0466313792182583	0.0130695930289427	0.0218016566958122
mtarjeta_visa_consumo	0.0395291517456887	0.0109599065392567	0.017564043564964
mpayroll	0.0392319809697407	0.0190642342761343	0.00937643810400368
ctarjeta_visa_transacciones	0.0357817356647606	0.0172373158203937	0.0169696272434422
mprestamos_personales	0.0339503333828444	0.0298771764739495	0.00876284706243289
cpayroll_trx	0.0328321172740641	0.0116216524560604	0.00343227488878662
cprestamos_personales	0.0215997057940885	0.013228161127889	0.00586746433502071
Visa_mpagominimo	0.0207804965143757	0.0159834567999276	0.0228754410185611
mrentabilidad_annual	0.0207192528029894	0.0294207675410808	0.0244285933425372
Visa_msaldopesos	0.019969617819074	0.0141361474515492	0.0195198650099709
mautoservicio	0.0192848806773406	0.0143571053947226	0.0179667126859948
Master_status	0.016591068793686	0.00700607091042073	0.00232014112593956
mcuenta_corriente	0.0161340477572044	0.0145522572004516	0.019980058291149
cliente_edad	0.0155848734366846	0.0261636312754345	0.0291072250345145
cproductos	0.0152324112596075	0.0087379872053041	0.0100092038656236
ctarjeta_debito_transacciones	0.0146185436633536	0.0116405015520438	0.0134414787544102
ccomisiones_mantenimiento	0.014253325473483	0.0131490903392236	0.00600168737536432
Visa_msaldototal	0.0131741847580555	0.0105764122664037	0.0173339469243749
Visa_mconsumototal	0.0130148339870529	0.00652934612112432	0.0131922073937721
Visa_fechaalta	0.0121968865245905	0.013323537679942	0.0235465562202792
Master_Fvencimiento	0.0120427464919561	0.0154024609031864	0.0253106304647952
Master_fechaalta	0.0116864376608763	0.0168156344354258	0.0251955821445007
mcomisiones_mantenimiento	0.0116314384367515	0.0117357130244346	0.0102968246663599
mrentabilidad	0.0115356796277404	0.0148110476109153	0.0209004448535051
Visa_Fvencimiento	0.0112697626517718	0.0162870209220455	0.0231438870992484
mcomisiones	0.0112236870059017	0.0141989709260854	0.0215907347752723
mcomisiones_otras	0.0111665302854437	0.0126759048894805	0.0215715600552232
mactivos_margen	0.0111237191119209	0.0188206849047294	0.0191363706089891
mtransferencias_recibidas	0.0109180275834218	0.0122697267753793	0.0174681699647185
numero_de_cliente	0.0106123362282262	0.0173780798013144	0.0237574781408191
Visa_status	0.0103678237144959	0.011787129415322	0.00264611136677405
Master_mfinanciacion_limite	0.00973693070387393	0.0156904941095181	0.0239108759012118
cliente_antiguedad	0.00929035052073619	0.0171047197284089	0.0215523853351741
Visa_mconsumospesos	0.00924374619721251	0.00957955226561636	0.0193472925295291
Visa_mpagospesos	0.00883486902197155	0.0115953945216456	0.0195773891701181
chomebanking_transacciones	0.00853134978445033	0.0174585044011814	0.0196540880503145
ctarjeta_visa	0.00840086566492095	0.0014459572473705	0.000728639361865317
Visa_mfinanciacion_limite	0.0080038092226492	0.0111084964019659	0.0183310323669274
active_quarter	0.00798968064170049	0.000893478269896233	0.000882037122258015
ccaja_seguridad	0.00719133993997046	0.0184199307238379	0.00327887712839393
ccomisiones_otras	0.00707071827769084	0.015754938366193	0.0132880809940175
Master_mlimitecompra	0.00664558419169792	0.0100390653280197	0.0157807946003988
mtransferencias_emitidas	0.00652497870506259	0.0121486996872861	0.0134414787544102
mextraccion_autoservicio	0.00651832467796022	0.0063224081014217	0.00841770210154932
mcuenta_debitos_automaticos	0.00643471775264534	0.0181683761735949	0.0103735235465562
Visa_mlimitecompra	0.00633417895581887	0.00981687363158093	0.0149754563583372
ctarjeta_master	0.00607905789359382	0.000867942262808366	0.0010546096026998
ccajas_consultas	0.00601648768207817	0.0122884874076203	0.00299125632765762
mcaja_ahorro_dolares	0.00581463129923858	0.0129590354667991	0.0132305568338702
Visa_cconsumos	0.00545289940675824	0.00716699514636489	0.0131922073937721
mpagomiscuentas	0.00478701277225332	0.0115509967808968	0.0090504678631692
mttarjeta_visa_debitos_automaticos	0.00477008595751313	0.00993520415523866	0.0120417241908268
Master_msaldopesos	0.00456802134911205	0.00688252418537703	0.00743979137904587
ctransferencias_recibidas	0.00425886423835413	0.00794137831311496	0.00918469090351281
Master_msaldototal	0.00402681190812769	0.00769816463001845	0.00805338242061666
catm_trx	0.00375649611761909	0.00448587711223664	0.00371989568952293
internet	0.00370402092497984	0.011754103214754	0.00304878048780488
ccallcenter_transacciones	0.00368822629827641	0.0107417352039709	0.00375824512962111
ccaja_ahorro	0.00346750540474514	0.0112065947938094	0.00322135296824666
Master_mpagominimo	0.00345352102371914	0.00661247913324944	0.00661527841693511
Visa_mconsumosdolares	0.00330224599807616	0.00659129443649399	0.0070946464181623
tcallcenter	0.00320783404847581	0.00355347163623714	0.00205169504525234
Master_mpagospesos	0.00314262205731552	0.0107253946869701	0.00724804417855499
ccuenta_debitos_automaticos	0.00301351402637961	0.00669515244985568	0.00569489185457892
ctransferencias_emitidas	0.00296414525964606	0.0114834839381552	0.00726721889860408
cdescubierto_preacordado	0.00294088724448399	0.0121137754655293	0.00279950912716674
mtarjeta_master_consumo	0.00257998309712282	0.00282730120912962	0.0025694124865777
thomebanking	0.00254104061056223	0.00394139146577781	0.00352814848903206
ctarjeta_visa_debitos_automaticos	0.00246907239761736	0.00598574432223529	0.00634683233624789
cpagomiscuentas	0.00232211129370852	0.00530994293849285	0.0057332412946771
matm	0.00221202506285219	0.0052686603852465	0.00508130081300813
cextraccion_autoservicio	0.00213883288135763	0.00350255838288494	0.00490872833256634
Master_mconsumospesos	0.00207329997745213	0.00446444598077004	0.00508130081300813
cmobile_app_trx	0.00185018781523887	0.00240572487485585	0.00429513729099555
Master_fultimo_cierre	0.00176576268192225	0.00386926982002485	0.00364319680932658
tmobile_app	0.00165491865248857	0.008492052472272	0.00155315232397607
Master_mconsumototal	0.00163485979734914	0.00344330742180556	0.00364319680932658
ccajas_transacciones	0.00156012920033217	0.00314570196462641	0.00143810400368155
Visa_fultimo_cierre	0.00153876742553023	0.00262795527418198	0.0034706243288848
mplazo_fijo_dolares	0.00149278161416973	0.0111651526898847	0.00270363552692131
ctarjeta_debito	0.00144943890937068	0.00287997267936328	0.00352814848903206
Master_cconsumos	0.00103044246549704	0.00186897427687867	0.00249271360638135
ctarjeta_master_transacciones	0.00102221318346222	0.00164031050985286	0.0018024236846142
Visa_mpagado	0.000905640279680918	0.00388485128652106	0.00207086976530143
Visa_msaldodolares	0.000808494938084799	0.00357432617366804	0.00201334560515416
Visa_mpagosdolares	0.000804788773650986	0.00347166715995866	0.00197499616505599
catm_trx_other	0.000659463587670739	0.00427989876616878	0.0018024236846142
matm_other	0.000659399051293983	0.00241537769089733	0.00189829728485964
Master_mpagosdolares	0.00050524024782533	0.000350979108368616	0.000805338242061666
Master_mconsumosdolares	0.000495707685826698	0.000633443838054188	0.00111213376284706
cplazo_fijo	0.000480353275638546	0.00350268160024051	0.000882037122258015
mttarjeta_master_debitos_automaticos	0.000414330617053319	0.00474090307451653	0.00124635680319067
cseguro_vida	0.000320121170162863	0.00307665443392405	0.000709464641816229
cseguro_vivienda	0.000302686791189012	0.00220722092517131	0.000824512962110753
ccajas_otras	0.000280123262185158	0.00343993079234992	0.000671115201718055
tcuentas	0.000279770145867292	0.00402835211447416	0.000747814081914404
Master_cadelantosefectivo	0.000194136620303104	0.000110611272272962	0.000306795520785397
Master_madelantodolares	0.000177613950291969	0.000130398715810396	0.000306795520785397
Master_mpagado	0.0001615417241999	0.000506616055990908	0.000364319680932658
Visa_delinquency	0.000146017628326513	0.000257177526873383	0.000498542721276269
Master_madelantopesos	0.000145020625798192	0.000115902509869053	0.000230096640589047
mcheques_depositados	0.000142536866779678	0.00103887159005417	0.000191747200490873
ctarjeta_master_debitos_automaticos	0.000137484673787588	0.000327907448392229	0.000287620800736309
ccheques_depositados	0.000132036130542762	0.00101421785082641	0.000153397760392698
minversion2	0.000125016490133219	0.001946996138312	0.00042184384107992
cinversion1	0.0000971069467894198	0.00321555040814	0.000479368001227182
cseguro_accidentes_personales	0.0000927235855932558	0.000280862114208267	0.000249271360638135
Master_msaldodolares	0.0000846090516894059	0.000161699083545564	0.000191747200490873
cinversion2	0.0000742577162696877	0.00176680339346253	0.000268446080687222
Visa_madelantopesos	0.0000687398948596373	0.000251508738662136	0.000364319680932658
Master_delinquency	0.0000668736150536713	0.0000775384702691524	0.00021092192053996
Visa_madelantodolares	0.0000607007596685806	0.0000609064968311936	0.000230096640589047
ccajas_extracciones	0.0000511049701876297	0.00145071375323759	0.000287620800736309
Visa_cadelantosefectivo	0.0000315930227771562	0.0000677671760011661	0.00021092192053996
ctarjeta_visa_descuentos	0.0000227226374326835	0.000636087482215125	0.000115048320294524
mtarjeta_visa_descuentos	0.0000204033145913899	0.000390130633247409	0.0000766988801963491
mcaja_ahorro_adicional	0.000010282749158453	0.0000036175351828775	0.0000191747200490873
Visa_Finiciomora	0.00000986535355048264	0.000080611005610068	0.0000191747200490873
mforex_sell	0.000000280087799323913	0.0000301519187928309	0.0000191747200490873
