Feature	Gain	Cover	Frequency
ctrx_quarter	0.0750164098490839	0.0207778805107615	0.023134328358209
mpasivos_margen	0.0724274737731702	0.0219766095448074	0.022636815920398
mcaja_ahorro	0.0587205374926188	0.0174331328049459	0.0256792958285496
cpayroll_trx	0.0403802402919075	0.0115874826370946	0.00399923459624952
cproductos	0.036628169462077	0.0122627175462978	0.0120742441637964
mpayroll	0.032102858211194	0.0200330565180285	0.00983543819364715
mtarjeta_visa_consumo	0.0315309657654589	0.0109186249495738	0.0156142365097589
mprestamos_personales	0.0307340523433407	0.0310073579877541	0.00893608878683506
mcuentas_saldo	0.0287217850873757	0.0259589608209973	0.026406429391504
Visa_msaldopesos	0.0249567368543361	0.0128764391696731	0.0196326061997704
mrentabilidad_annual	0.0211939922319201	0.0314346803939542	0.0256027554535017
cprestamos_personales	0.0198718801612612	0.0134350716904704	0.00635285112897053
mcuenta_corriente	0.0187895814624359	0.0145203702318175	0.0175851511672407
Visa_msaldototal	0.0180226705212206	0.0123854925949814	0.0186567164179104
Visa_mpagominimo	0.0176950870760807	0.0143699555147716	0.0201492537313433
mautoservicio	0.0175616247217214	0.0137768412640068	0.0162648296976655
Master_status	0.0174821493884696	0.00650464353830902	0.00223880597014925
cliente_edad	0.016859361804547	0.0268906807091793	0.031113662456946
mcomisiones_mantenimiento	0.0160443156875401	0.0104974815713218	0.00937619594336012
mcomisiones	0.0158765849099424	0.014246066123807	0.0234022196708764
Visa_mpagospesos	0.0154161835662976	0.0126251438418885	0.0200153080750096
ctarjeta_visa_transacciones	0.0151834338632849	0.0167924321589892	0.0161882893226177
mactivos_margen	0.0130333975429472	0.0188579786029376	0.0197282816685802
Master_fechaalta	0.0127054514720592	0.0172495345666898	0.0263298890164562
ctarjeta_debito_transacciones	0.0123303322485112	0.0118946948645802	0.0135859165709912
mrentabilidad	0.0123217331353532	0.0160044385462909	0.0209911978568695
Visa_status	0.012176763230568	0.0120816663761125	0.00267891312667432
Visa_fechaalta	0.0117482327119961	0.0141442717523979	0.023134328358209
Visa_Fvencimiento	0.0114459567707529	0.0146651057830243	0.022158438576349
Master_Fvencimiento	0.0108490105331672	0.0149899079034152	0.0223115193264447
mtransferencias_recibidas	0.0106989713908084	0.0131384146722621	0.0191159586681975
cliente_antiguedad	0.00971510726218588	0.0172945094211503	0.0226942212016839
mcomisiones_otras	0.0092357858874033	0.0129185071826977	0.0199196326061998
numero_de_cliente	0.00913200970077844	0.0158962796885399	0.0213164944508228
chomebanking_transacciones	0.00888136977924931	0.0164416109422961	0.0206467661691542
Master_mfinanciacion_limite	0.00805448169677508	0.0120612221750503	0.0195560658247225
ccomisiones_mantenimiento	0.00786876590544215	0.0142824350720232	0.00593187906620742
Master_mlimitecompra	0.00780314391529777	0.0104785528757617	0.0182931496364332
Visa_mfinanciacion_limite	0.00775204357021378	0.0106328789342139	0.0180252583237658
Visa_mconsumospesos	0.00765762026177172	0.00933918405906496	0.0187906620742442
mcaja_ahorro_dolares	0.00753349136768144	0.0122326796541551	0.0139686184462304
ccomisiones_otras	0.00725411677776958	0.0141882078806608	0.0116915422885572
mcuenta_debitos_automaticos	0.00710066497647998	0.0192022021173685	0.010868733256793
Visa_mlimitecompra	0.00657901212858831	0.0101341622099887	0.015116724071948
ccaja_seguridad	0.00634073903359034	0.0197576301081492	0.00321469575200919
Visa_mconsumototal	0.00622290650514797	0.0070214707124765	0.0147722923842327
ctarjeta_visa	0.00590800436047539	0.00102967933022693	0.000861079219288174
Visa_cconsumos	0.00583803021418823	0.00748440908989439	0.0143895905089935
mtransferencias_emitidas	0.00583092419824147	0.0115196207841003	0.0128205128205128
cextraccion_autoservicio	0.00554364400342951	0.00394370747780295	0.00531955606582472
ccajas_consultas	0.00552676386365518	0.0136266167811074	0.00300420972062763
Visa_mconsumosdolares	0.00531660618199206	0.00561003761575396	0.0062763107539227
mttarjeta_visa_debitos_automaticos	0.0049826069690685	0.00901811657723292	0.0126674320704171
mpagomiscuentas	0.00460746362474881	0.0100449567225197	0.0081132797550708
ctransferencias_recibidas	0.0045403536294774	0.00779133318030442	0.00968235744355147
mextraccion_autoservicio	0.00451427819440662	0.00653471645263768	0.00832376578645235
ccallcenter_transacciones	0.0042529583535463	0.00996728149382371	0.00382701875239189
Master_msaldototal	0.00416478140430658	0.00661140867225005	0.00692690394182932
Master_msaldopesos	0.00385300674431786	0.00566632304436643	0.0075009567546881
Master_mpagominimo	0.00363994084095491	0.00720428652325955	0.00727133562954459
Master_mpagospesos	0.0034840810847901	0.00989110425953691	0.00748182166092614
ctransferencias_emitidas	0.0033909746734133	0.011498740397631	0.00719479525449675
ctarjeta_master	0.00333620995736101	0.000993235561886138	0.00101415996938385
tcallcenter	0.00303438665007648	0.00426818007126216	0.00223880597014925
cdescubierto_preacordado	0.00291878968889028	0.0109340689376295	0.0025449674703406
internet	0.0028311519218853	0.0118875328275485	0.00304247990815155
ccaja_ahorro	0.002748718602617	0.0106037731097934	0.00277458859548412
matm	0.00269968116411832	0.00469193021449295	0.0054726368159204
ccuenta_debitos_automaticos	0.00251378233238042	0.0055751865609162	0.0053769613471106
cpagomiscuentas	0.0023834954861618	0.00541930917881715	0.00526215078453885
thomebanking	0.00231875139097439	0.00426118916536653	0.00342518178339074
Master_mconsumospesos	0.00231667256920648	0.00534115796677547	0.0052812858783008
ctarjeta_visa_debitos_automaticos	0.00211299125608017	0.00466371029218582	0.00518561040949101
cmobile_app_trx	0.00200899557697456	0.0030366941499079	0.00457328740910831
mtarjeta_master_consumo	0.00189156997736552	0.0026285185319714	0.00275545350172216
ccajas_transacciones	0.00187053047814457	0.00257955751598008	0.00124378109452736
ctarjeta_debito	0.00173573559050796	0.00307147993612635	0.00390355912743972
catm_trx	0.00157618687319092	0.00388364522481672	0.00352085725220054
active_quarter	0.00154651220604746	0.000729083112055336	0.000593187906620743
ctarjeta_master_transacciones	0.00154628821539745	0.00145024961816306	0.00189437428243398
tmobile_app	0.00152802885708236	0.00903691473555434	0.00153080750095675
Master_mconsumototal	0.00144033163383914	0.00264988445329171	0.00346345197091466
Master_fultimo_cierre	0.00140524151507253	0.0031136768944721	0.00332950631458094
Visa_fultimo_cierre	0.00130209515104696	0.00225477529455851	0.00296593953310371
Master_cconsumos	0.00117288136212132	0.00185502012447238	0.00296593953310371
mplazo_fijo_dolares	0.0011680169108515	0.0107209899783712	0.00267891312667432
matm_other	0.00113944631039069	0.00294262217050606	0.00229621125143513
Visa_mpagado	0.000898858440565917	0.00321315661777181	0.00197091465748182
Visa_mpagosdolares	0.000842148532801316	0.00365229264406789	0.00220053578262533
Visa_msaldodolares	0.000686886572082408	0.00222597352638895	0.00147340221967088
catm_trx_other	0.000671710834337973	0.0032705667361293	0.00162648296976655
Master_mpagosdolares	0.000508125261978377	0.000264543265587918	0.000650593187906621
cplazo_fijo	0.000494493766152892	0.00304138234707576	0.000918484500574053
mttarjeta_master_debitos_automaticos	0.000451980918521653	0.0059039063903835	0.00139686184462304
Master_mconsumosdolares	0.000436374490492927	0.000424489588930101	0.00116724071947953
tcuentas	0.000424008731082664	0.00451948017479936	0.000937619594336012
Visa_delinquency	0.000378169321974704	0.000210155402688207	0.000420972062763108
cseguro_vivienda	0.000361805118154562	0.00244356000017377	0.000899349406812093
ccajas_otras	0.000304670940384247	0.00356892710610998	0.00068886337543054
cseguro_vida	0.00028407895688895	0.00196176058369147	0.000631458094144661
ccheques_depositados	0.000197559451500682	0.00152556482909964	0.000229621125143513
Master_cadelantosefectivo	0.000165606271490807	0.000150554009831036	0.000191350937619594
Master_mpagado	0.000142692819329866	0.000345996910575173	0.000363566781477229
cseguro_accidentes_personales	0.000131890489183821	0.000415353574143581	0.000287026406429392
Visa_madelantopesos	0.000114241038899167	0.0000868160192351015	0.000267891312667432
Visa_cadelantosefectivo	0.00011095952924074	0.000234196541441652	0.000287026406429392
Master_madelantopesos	0.000106563361526371	0.0000935784849631265	0.000287026406429392
cinversion1	0.000104824393799307	0.00336201841925329	0.000497512437810945
mcheques_depositados	0.0000872713318270495	0.000641498196646355	0.0000956754688097972
minversion2	0.0000858476817031908	0.00130633788428545	0.000287026406429392
Master_msaldodolares	0.0000743802896031319	0.000115613011652029	0.000229621125143513
Master_madelantodolares	0.0000701501944117902	0.000137977065272594	0.000133945656333716
cinversion2	0.0000576190539649011	0.00135279242610333	0.000210486031381554
Master_delinquency	0.0000522877010446118	0.000126233489548573	0.000191350937619594
ctarjeta_master_debitos_automaticos	0.0000445131964073162	0.000346172021505042	0.000153080750095675
Visa_madelantodolares	0.0000412714965797403	0.0000831164028622365	0.000248756218905473
ccajas_extracciones	0.0000375649525069277	0.000880199068779496	0.000172215843857635
mtarjeta_visa_descuentos	0.0000159250624811808	0.000426634697820994	0.0000765403750478377
ctarjeta_visa_descuentos	0.0000086273477175497	0.000209362627751164	0.0000382701875239189
Visa_Finiciomora	0.00000496354619277026	0.000106008973107497	0.0000191350937619594
mcaja_ahorro_adicional	0.00000381655655135886	0.00010038870821748	0.0000191350937619594
