Feature	Gain	Cover	Frequency
ctrx_quarter	0.137433759799851	0.0218306398254036	0.0235753779609491
mcaja_ahorro	0.0565166127636085	0.0157464878574475	0.0235549752106584
mcuentas_saldo	0.0383603575433675	0.0211560724340479	0.0255340419888601
mpayroll	0.0382956769150332	0.0181563623471987	0.0102727847713872
mpasivos_margen	0.0378226103981331	0.0166423718040613	0.0204435557913207
cpayroll_trx	0.0320760952195059	0.00866456169926994	0.00347866892457103
mprestamos_personales	0.0319928297124221	0.0266158966975329	0.00841613449492992
mtarjeta_visa_consumo	0.029430557620833	0.00900929876389253	0.0131597739375268
mrentabilidad_annual	0.0248060586116817	0.0289678151184355	0.0293901617938098
mcuenta_corriente	0.0247023350045646	0.0144464051028312	0.0208210066716993
ctarjeta_visa_transacciones	0.0217151050653936	0.0181131566084974	0.0166078387366617
Visa_mpagominimo	0.0181046509735393	0.0143292529037504	0.0212902699283864
cliente_edad	0.0177975112611448	0.0298831600283747	0.0319915124558791
Visa_msaldototal	0.0171608264475342	0.010000316219653	0.0171077061187848
cproductos	0.0170503067469092	0.0127896982951815	0.0118029910431926
cprestamos_personales	0.0168120770583521	0.0100487154154326	0.00504968069695795
Visa_msaldopesos	0.0156761740099813	0.0122971839155227	0.0172301226205292
Master_Fvencimiento	0.0150775089636554	0.0164986050875513	0.0267888111317406
Master_fechaalta	0.0144279720491875	0.018605892599126	0.0285536490318895
mactivos_margen	0.0134423168912801	0.0227416409203222	0.0225246363209761
mrentabilidad	0.0130042413099743	0.0148054596761762	0.0214840960561484
Visa_Fvencimiento	0.0129204785039848	0.0166807197022976	0.0244935017240324
Visa_fechaalta	0.0127954273261109	0.0130223662123365	0.0229530940770816
numero_de_cliente	0.0125147750547773	0.0208388111294864	0.0254116254871157
Visa_status	0.012276312384191	0.0101215934229231	0.00224430253198131
Master_status	0.0121334024965361	0.00455094247347281	0.00153020627180544
chomebanking_transacciones	0.0110570959152132	0.0174331925500045	0.0221777895660335
mautoservicio	0.0105937641837943	0.0150104982256664	0.0175157611245996
cliente_antiguedad	0.0104581567036596	0.0168993797260562	0.0209842286740253
Master_mfinanciacion_limite	0.0100791195657716	0.0144764137882731	0.0215759084324567
Visa_mconsumospesos	0.0100513350878368	0.00961961257467029	0.0185563013894273
mtransferencias_recibidas	0.0100393421105775	0.015103558032164	0.0189235508946606
mcomisiones_otras	0.00996795873170585	0.0109564919507342	0.0179850243812866
Visa_mfinanciacion_limite	0.00982561159976517	0.0123433346	0.0183726766368106
Visa_mpagospesos	0.00956014088519216	0.0134429662322057	0.0202905351641401
mcomisiones	0.00945348639103152	0.0124399489824506	0.0180564340073042
mcomisiones_mantenimiento	0.00938180871812133	0.0128368054270034	0.0114051374125232
ctarjeta_debito_transacciones	0.00921555223712279	0.0141806887497654	0.0140064880745925
ccomisiones_mantenimiento	0.00832382041006134	0.0111866397431419	0.00568216595597087
Master_mlimitecompra	0.00786142816133962	0.010391920004197	0.0161079713545386
mcaja_ahorro_dolares	0.0073686970352077	0.0134464764059607	0.0143227307040989
mtransferencias_emitidas	0.0072910943324102	0.0168569424253928	0.0148532022116581
ccomisiones_otras	0.00714914999299815	0.0173113561190524	0.0126599065554037
ccaja_seguridad	0.00679116774473443	0.014879083320576	0.00280537816497664
Visa_mlimitecompra	0.0066656027305762	0.00936685166290406	0.0136596413196499
Visa_cconsumos	0.00630027191711399	0.00839185580021885	0.013302593189562
mcuenta_debitos_automaticos	0.00625474455090203	0.0151302685543455	0.0100891600187705
mttarjeta_visa_debitos_automaticos	0.00596596058100711	0.0103902707225569	0.012833329932875
ctarjeta_master	0.00537374983460097	0.000442318694952328	0.000601881133576806
Visa_mconsumototal	0.00518320350480482	0.00543841840388636	0.0109562769061269
ccajas_consultas	0.00508335636380016	0.0122882006708485	0.00308081529390162
ctransferencias_recibidas	0.00469160140025251	0.0093103444657752	0.00970150776324648
ctarjeta_visa	0.00452863937163987	0.000548001526294752	0.000540672882704589
mpagomiscuentas	0.00431605553612632	0.013637083841105	0.00889559912676229
Master_msaldopesos	0.00426380739112453	0.00672730660436784	0.00781425336135311
Visa_mconsumosdolares	0.00410150287581963	0.00833470977146757	0.00806928773998735
ccallcenter_transacciones	0.00403577924739092	0.00952381983289126	0.00379491155407749
Master_msaldototal	0.00366778731809048	0.00724216489005892	0.00675331034623467
Master_mpagospesos	0.00364862455131606	0.0111475946103923	0.00747760798155591
mextraccion_autoservicio	0.00356361752913781	0.00567194796369298	0.00791626711280681
ctransferencias_emitidas	0.00340421735872788	0.0127410962893628	0.00732458735437537
Master_mpagominimo	0.00323744419786648	0.00850060958357463	0.00644726909187359
ccaja_ahorro	0.00313037022509405	0.0103074690238397	0.0032542386713729
internet	0.00305078287288092	0.00986420508209725	0.00317262767020994
cdescubierto_preacordado	0.00293810926825785	0.0100510683319029	0.00230551078285353
tcallcenter	0.00268524577415792	0.00318300115983061	0.00203007365392855
thomebanking	0.00266528525850898	0.00289049508066269	0.00357048130087936
matm	0.00245047369990649	0.00515563360592575	0.00547813845306347
Master_mconsumospesos	0.002423260573823	0.00653179252634277	0.00548833982820884
cmobile_app_trx	0.00233947892936402	0.00274045605367084	0.0048660559443413
cpagomiscuentas	0.00231620855197019	0.00456470315463204	0.00465182706628854
ctarjeta_visa_debitos_automaticos	0.00230552533704611	0.00578053573883129	0.00540672882704589
mtarjeta_master_consumo	0.00229199670727492	0.0029734731881122	0.00274416991410442
Master_fultimo_cierre	0.00217531301581274	0.00546325243318074	0.00416216105931079
ctarjeta_debito	0.00201853316056612	0.00334749730245547	0.00418256380960153
cextraccion_autoservicio	0.00198088947566149	0.00365115753375838	0.00458041744027095
ccuenta_debitos_automaticos	0.00181982267287576	0.00483580057406274	0.00418256380960153
tmobile_app	0.00168029568433724	0.00692236986007702	0.001407789770061
mplazo_fijo_dolares	0.00167595406534973	0.0117156707303874	0.00276457266439516
Visa_fultimo_cierre	0.00165011540200427	0.00213682297359192	0.00322363454593679
ctarjeta_master_transacciones	0.0015043711718737	0.0015239270349978	0.00152000489666007
Master_cconsumos	0.00142728069718781	0.00151055677316449	0.00259114928692388
ccajas_transacciones	0.00137152258044659	0.00186857289510574	0.000918123763083264
Master_mconsumototal	0.00126081326134303	0.00411549571868427	0.00304000979332014
catm_trx	0.00122966126254359	0.00397168459997637	0.00289719054128497
matm_other	0.000948530579453892	0.00390659297791504	0.00242792728459796
Visa_mpagado	0.000852739364710604	0.00400686074120943	0.00199946952849244
Visa_mpagosdolares	0.000847296101853675	0.00311541861446758	0.00169342827413135
catm_trx_other	0.000737580408057483	0.00547023037859183	0.00190765715218411
Visa_msaldodolares	0.000699770369720176	0.0033631900792542	0.00155060902209618
mttarjeta_master_debitos_automaticos	0.000571541640615257	0.00569078769626728	0.00147919939607859
cseguro_vivienda	0.000389231587066266	0.00222524335043594	0.000918123763083264
Master_mconsumosdolares	0.000372794572173218	0.000309292110083166	0.000734499010466611
ccajas_otras	0.000336820328965708	0.00494387712389518	0.000948727888519372
cplazo_fijo	0.000322206272052459	0.00164758635618367	0.000550874257849958
cseguro_vida	0.000240525787290052	0.00314904187883262	0.000703894885030502
active_quarter	0.000229470167619961	0.000369837107084736	0.000428457756105523
tcuentas	0.000226968140283369	0.00416377890872149	0.00076510313590272
Master_mpagosdolares	0.000205707594974458	0.000149581804359149	0.000418256380960153
ccheques_depositados	0.000151337835056568	0.000903985947666004	0.000142819252035174
ccajas_extracciones	0.000145103274047363	0.00379383299625085	0.000775304511048089
Master_madelantopesos	0.000132933876119873	0.0000451970372714238	0.000132617876889805
cseguro_accidentes_personales	0.000131845789410442	0.000412611624440454	0.000275437128924979
Visa_delinquency	0.000119746730564611	0.00016721587725281	0.00024483300348887
Master_msaldodolares	0.000112609636349049	0.000210312010528646	0.000173423377471283
ctarjeta_master_debitos_automaticos	0.000100962608434714	0.000197514177030769	0.000234631628343501
Master_mpagado	0.00010016749964365	0.000197368169803353	0.000214228878052762
mcheques_depositados	0.0000818303573282833	0.000460421191033125	0.0000918123763083264
cinversion1	0.0000723434221923105	0.00176355449665301	0.000275437128924979
Master_cadelantosefectivo	0.0000685126841789307	0.000044763815826789	0.0000714096260175872
cinversion2	0.0000619977756171757	0.00117570299776867	0.000183624752616653
Master_madelantodolares	0.0000566431378808545	0.0000465475041200729	0.0000816110011629568
minversion2	0.0000506416759383422	0.000851044527044506	0.000142819252035174
ctarjeta_visa_descuentos	0.0000420217415539639	0.00105673990904819	0.000204027502907392
Visa_madelantopesos	0.0000390386951746382	0.0000662632800588682	0.000183624752616653
mtarjeta_visa_descuentos	0.0000284172429484617	0.00048277549758024	0.000112215126599066
Master_delinquency	0.0000101618246825966	0.0000189781394254928	0.0000612082508722176
Visa_madelantodolares	0.00000995729115285079	0.0000576068515621951	0.0000714096260175872
Visa_cadelantosefectivo	0.00000511769399011793	0.0000500544777166688	0.0000408055005814784
mcaja_ahorro_adicional	0.00000230873187925016	0.0000425421058512565	0.0000102013751453696
Visa_Finiciomora	0.00000177834644021226	0.0000602205809428449	0.0000102013751453696
mforex_sell	0.000000868508593582633	0.0000380578838804752	0.0000306041254361088
cforex_sell	0.000000484859304959088	0.0000281293924161764	0.0000204027502907392
