Feature	Gain	Cover	Frequency
ctrx_quarter	0.103935334965647	0.0212271915620797	0.0227187249052116
mcaja_ahorro	0.0574392270713545	0.015655405351296	0.0241214918121106
mpasivos_margen	0.0489039013992639	0.017972820437573	0.0211736483121055
mtarjeta_visa_consumo	0.0398461281529143	0.00978891326869323	0.0143427833741627
cpayroll_trx	0.0373566466370691	0.00848884940712376	0.00348658731207498
mpayroll	0.036844394852856	0.0170435665430773	0.00897567520863617
mcuentas_saldo	0.035980536778491	0.0235369714902494	0.0285127621293595
mprestamos_personales	0.0290743831993849	0.0265570790371171	0.00793884749484128
mcuenta_corriente	0.0255640556026002	0.0149485176651396	0.0205840796121045
mrentabilidad_annual	0.0246423011970353	0.0276945920471949	0.0282891326224626
cproductos	0.0234613415416893	0.0115528634250574	0.0123809427000213
Visa_mpagominimo	0.0193733785695568	0.0147879651513254	0.0213464529310713
Visa_msaldopesos	0.0188506744020232	0.0139357816297771	0.01838844445348
cliente_edad	0.0184957058566701	0.0299380778649709	0.0335037661241957
Master_status	0.0166541788912154	0.00474543908555843	0.00161623143620968
cprestamos_personales	0.0165819270110858	0.00928778015768172	0.00485885928621527
ctarjeta_visa_transacciones	0.0150554796357912	0.0170194930319596	0.0152576313569229
Master_fechaalta	0.014925226711494	0.0191097955570796	0.0289396911879809
Visa_fechaalta	0.0141343217048506	0.0135985679628216	0.0245077609603871
Visa_msaldototal	0.013734157929784	0.0102277681980198	0.0163249540034764
Master_Fvencimiento	0.0132717225175519	0.0159967949904635	0.0245382558931458
mactivos_margen	0.0131008576932357	0.0213200998240667	0.0207263892983116
mautoservicio	0.0129221117145635	0.0144356311838701	0.0170669973672708
mrentabilidad	0.0127809954652743	0.0150030042552178	0.0211126584465881
Visa_status	0.0122974862938514	0.0106038307206709	0.00234810982241784
mcomisiones_mantenimiento	0.0122428112686306	0.011982992172896	0.0112119702776055
Visa_Fvencimiento	0.012061180398064	0.01658363320248	0.022962684367281
numero_de_cliente	0.0113985167977105	0.0213058443200407	0.0236335728879718
chomebanking_transacciones	0.0109583799408569	0.0174637721926014	0.022647570062108
mcomisiones	0.0105254092812383	0.0135266574886865	0.0196184067414131
ctarjeta_debito_transacciones	0.0105094991651258	0.0137546404618788	0.0140479990241622
cliente_antiguedad	0.0104289067985321	0.0172427990446301	0.021244803155209
mtransferencias_recibidas	0.0104223950572778	0.0150473667901015	0.0198522012258963
Master_mfinanciacion_limite	0.0101837592786409	0.0137128454419437	0.0206349045000356
Visa_mconsumospesos	0.0101396097193173	0.00981133781028226	0.0188966933327912
mcomisiones_otras	0.010028613367876	0.0120373187194709	0.0195574168758958
Visa_mpagospesos	0.0096002308669884	0.0119403840998753	0.0203909450379662
ccomisiones_mantenimiento	0.0088187971596195	0.0113426220162594	0.00573304735863057
Visa_mfinanciacion_limite	0.00851559381958819	0.0113655166605698	0.0180428352155484
Master_mlimitecompra	0.00766808124122816	0.0100787981809487	0.0157658802362341
mcaja_ahorro_dolares	0.00754872434467	0.0123581554034811	0.0143732783069213
Visa_cconsumos	0.00658832749483621	0.00839246270588772	0.0137125547638167
mcuenta_debitos_automaticos	0.00650386516916979	0.0166368960012587	0.0108866909948464
ccomisiones_otras	0.00641286633862736	0.0175356000377598	0.0122691279465729
mtransferencias_emitidas	0.00636005970359882	0.0146585902350612	0.0131128210862295
Visa_mlimitecompra	0.00633371893344424	0.00904824918333841	0.0131433160189882
ccaja_seguridad	0.0063178422089411	0.0158125079047803	0.00276487390345304
mttarjeta_visa_debitos_automaticos	0.00572423050301763	0.00892203422376291	0.0123606127448489
ccajas_consultas	0.00527648267469309	0.0121340624099749	0.00300883336552243
Visa_mconsumototal	0.00510871265742849	0.00550379820636919	0.0109375158827775
ctransferencias_recibidas	0.00490244384759169	0.00824051884788116	0.00964656372932698
mpagomiscuentas	0.00451261130579862	0.0138084170845365	0.00873171574656678
mextraccion_autoservicio	0.00447492747277802	0.00544819492177191	0.00781686776380658
Master_msaldopesos	0.00422867549253688	0.00602377994961714	0.00731878386208158
Master_mpagospesos	0.00413583514044343	0.0126221826605022	0.00838610650863515
Master_msaldototal	0.00407552733714414	0.00743817343480848	0.00679020502759791
active_quarter	0.0037830311549629	0.000911808350415788	0.000579403722414792
ctarjeta_visa	0.0037027928366333	0.000742940393327446	0.000599733677587241
ctransferencias_emitidas	0.00368554647254996	0.0126750383310708	0.00771521798794434
ccallcenter_transacciones	0.00368273052173415	0.00846502779405126	0.00368988686379947
Visa_mconsumosdolares	0.00361420203438608	0.00786536805175367	0.00724762901897801
cextraccion_autoservicio	0.00352392468841014	0.00361219390223463	0.00504182888276731
Master_mpagominimo	0.00340962506357082	0.00835364353244579	0.00688168982587393
ctarjeta_master	0.00327394859641821	0.000329291714099192	0.000457423991380099
ccaja_ahorro	0.00325249926769277	0.00997347351133314	0.00326295780517804
internet	0.00312155591555245	0.00983275917191719	0.00329345273793671
tcallcenter	0.00306527967813059	0.00325735860323448	0.00213464529310713
cdescubierto_preacordado	0.00273856911404471	0.0105105373916085	0.00232777986724539
thomebanking	0.00262209273023292	0.00327295221534794	0.00347642233448875
cpagomiscuentas	0.00257278171035156	0.00536476652985107	0.0053264482551816
ctarjeta_visa_debitos_automaticos	0.00241136933399012	0.00590396632906105	0.00538743812069894
ctarjeta_debito	0.00235576206416936	0.00343153727707306	0.00470638462242191
cmobile_app_trx	0.00229998196774641	0.00264813796634032	0.00475720951035303
ccuenta_debitos_automaticos	0.00209946467823887	0.00466420758152589	0.00466572471207701
Master_mconsumospesos	0.00202405554133755	0.0063315331775126	0.00475720951035303
matm	0.0019547610344664	0.00556854843845684	0.00501133395000864
Master_fultimo_cierre	0.00194021040499136	0.00472800156370926	0.00386269148276528
mtarjeta_master_consumo	0.00192939988920005	0.00308464398650605	0.00251074946379743
Visa_fultimo_cierre	0.00164018533322519	0.00204517025719687	0.00330361771552294
tmobile_app	0.00163450957706369	0.00710864305934476	0.00140276690689897
Master_mconsumototal	0.00156740705311178	0.00480848178583296	0.00352724722241987
mplazo_fijo_dolares	0.00152271250598303	0.011544219070323	0.00281569879138417
ctarjeta_master_transacciones	0.00139331949614071	0.00191009033154153	0.00159590148103723
Master_cconsumos	0.0012827892173063	0.0018774286213045	0.00271404901552192
ccajas_transacciones	0.00125714382210979	0.00188553267879859	0.000935177937932647
catm_trx	0.00103631224647698	0.00353605009693773	0.00296817345517753
Visa_mpagado	0.000865883094712522	0.00379663862475187	0.00196184067414131
Visa_mpagosdolares	0.000854672040543697	0.00362983398541	0.00188052085345152
Visa_msaldodolares	0.000806055606472978	0.00410682940745784	0.00189068583103774
catm_trx_other	0.000769754243054315	0.00581576711651881	0.00196184067414131
matm_other	0.00074646074216901	0.00322347470614413	0.00196184067414131
mttarjeta_master_debitos_automaticos	0.000464810535310544	0.0069246564062028	0.00154507659310611
cplazo_fijo	0.000404388061754286	0.00174672000917968	0.000548908789656119
Master_mconsumosdolares	0.000403362970349719	0.000311463509612956	0.000803033229311729
ccajas_otras	0.00039348392638011	0.00483975845793263	0.000945342915518871
cseguro_vivienda	0.00032048734106233	0.00331807726326347	0.000935177937932647
Master_mpagosdolares	0.000253518365824141	0.000185451512475184	0.000426929058621426
tcuentas	0.000253197254257786	0.00484883841979631	0.0008741880724153
cseguro_vida	0.00022558773733559	0.00267898825687614	0.000650558565518363
cseguro_accidentes_personales	0.000216266157755954	0.000527033685180418	0.000406599103448977
Master_msaldodolares	0.000142765035031841	0.00038846047914911	0.000315114305172957
ccheques_depositados	0.000133056359448989	0.000773402809006957	0.000121979731034693
Master_madelantopesos	0.000133010514154753	0.0000753728689227323	0.000152474663793366
ccajas_extracciones	0.000120190714533276	0.00317615236922877	0.000630228610345914
mcheques_depositados	0.000117254933259908	0.000657251737895455	0.000121979731034693
ctarjeta_master_debitos_automaticos	0.000116142234860715	0.000221023286913344	0.000233794484483162
Master_mpagado	0.000100729867876223	0.000444319672907019	0.000233794484483162
Visa_delinquency	0.000090854892274419	0.000202566540648586	0.000264289417241835
cinversion1	0.000071191070276758	0.00170287250150958	0.000264289417241835
cinversion2	0.0000638974806290708	0.00117447543821481	0.00018296959655204
Master_madelantodolares	0.0000394479510511404	0.0000339312282517199	0.000101649775862244
Master_cadelantosefectivo	0.0000389434656291656	0.000017926075701271	0.0000508248879311221
ctarjeta_visa_descuentos	0.000036845241414606	0.00107026425422598	0.000203299551724488
minversion2	0.0000359897116023475	0.000651160859205701	0.000111814753448469
Visa_madelantopesos	0.0000355283923654234	0.0000975487213588037	0.000243959462069386
mtarjeta_visa_descuentos	0.0000321665619152443	0.000603304642834554	0.000132144708620917
Visa_madelantodolares	0.0000270486068905694	0.0000572566663529105	0.000152474663793366
Visa_cadelantosefectivo	0.0000228243447609107	0.0000152298039493759	0.0000609898655173465
Master_delinquency	0.0000224314752138377	0.0000342557274851747	0.0000508248879311221
Visa_Finiciomora	0.00000665487260293828	0.0000252936924133818	0.0000101649775862244
mcaja_ahorro_adicional	0.00000336091624142767	0.0000796607512535503	0.0000203299551724488
mforex_sell	0.000000296502608979482	0.0000156453555017358	0.0000101649775862244
cforex_sell	0.000000224644253696837	0.0000163894174029208	0.0000101649775862244
cforex	0.000000141603225720915	0.0000124003631671878	0.0000101649775862244
