Feature	Gain	Cover	Frequency
ctrx_quarter	0.136096164717115	0.0216285299875942	0.0225166913001376
mcaja_ahorro	0.0638984437639638	0.015178204927874	0.0239131542734825
mpasivos_margen	0.0388697292997199	0.0177548219595224	0.0230671219611641
mpayroll	0.0377180667462211	0.0162993518449009	0.00902094694460017
cpayroll_trx	0.0368390808054703	0.00987080139178149	0.0033535497681056
mprestamos_personales	0.0357508718071784	0.0246563749783803	0.00804240354721982
mcuentas_saldo	0.0305281768680385	0.0224501336247371	0.0249834361143673
mrentabilidad_annual	0.0259613890516952	0.0290107257429753	0.0306610264512512
mtarjeta_visa_consumo	0.0238590219980894	0.00960238815197411	0.014290810865909
mcuenta_corriente	0.0235549180725025	0.0143341278734042	0.0198562764385098
Visa_mpagominimo	0.0199523677577119	0.0148458455122795	0.0224249528566332
ctarjeta_visa_transacciones	0.0189659012973774	0.0174119600060529	0.0149227868100505
Visa_msaldototal	0.0184888507254731	0.00990856034481116	0.0158503644054839
cliente_edad	0.0180981890271517	0.0300584927391885	0.0330156465011977
cproductos	0.0171677827750339	0.0121149998746236	0.0113653738341573
Visa_status	0.01605095118897	0.0100280437938473	0.00231384740838897
Visa_msaldopesos	0.0151966939477742	0.0150542161673763	0.0194179705417665
mactivos_margen	0.0150096375296674	0.0212577299888394	0.0223332144131288
Master_fechaalta	0.0142729960163029	0.018971823413336	0.0282044747974109
Master_Fvencimiento	0.0139313408405894	0.0161592173202881	0.0263085469649865
mrentabilidad	0.013492925226342	0.0145253343146772	0.0218949085163855
ctarjeta_master	0.013268344275153	0.000533416331217774	0.000784873349982162
Visa_fechaalta	0.0130129338940874	0.0128387736060666	0.0233219509708985
Visa_Fvencimiento	0.0129923317005387	0.016506803937471	0.0244839712552877
mautoservicio	0.0127942879078266	0.0146065114289258	0.0170327710106519
numero_de_cliente	0.0122206171081596	0.0203858878936836	0.0254319351714999
cprestamos_personales	0.0112812445673707	0.0106022196890451	0.0049334896284593
chomebanking_transacciones	0.0112135926794449	0.0187547625733962	0.0231384740838897
mcomisiones_otras	0.0111797027029384	0.0122025382041772	0.0202436165333062
Visa_mpagospesos	0.0108031943931599	0.0136124018291943	0.0206717292696601
cliente_antiguedad	0.010575564673029	0.0167776252574646	0.0206513429488813
Master_mfinanciacion_limite	0.0105270655195662	0.0146010875549376	0.0214158299780847
mcomisiones_mantenimiento	0.0103475936401416	0.0130020875506093	0.0110188063809184
mtransferencias_recibidas	0.0100286816038576	0.0141209490489097	0.0181336323327048
mcomisiones	0.00992926949429593	0.0128659768812404	0.0189898578054126
Master_status	0.00912626238781539	0.0041341470743576	0.00151878089801743
Visa_mfinanciacion_limite	0.00882760015824363	0.0123924293310363	0.0176239743132358
Visa_mconsumospesos	0.00786630392871909	0.00918081390036163	0.0179705417664747
ccomisiones_mantenimiento	0.00775632765781367	0.0116177834572972	0.00599357830895469
mcaja_ahorro_dolares	0.00769209034799921	0.0134675786002537	0.0143927424698028
Master_mlimitecompra	0.00693373537888092	0.00908659511606905	0.0142602313847408
mtransferencias_emitidas	0.00661358096934298	0.015921953698445	0.014372356149024
ccaja_seguridad	0.00653772715229771	0.0159725837142117	0.00284389174863667
ccomisiones_otras	0.00649406495789009	0.0172243910564033	0.0123235309107589
Visa_cconsumos	0.00646853152740737	0.00843481247405977	0.0133734264308649
mcuenta_debitos_automaticos	0.00632470327977266	0.01588778788713	0.0111003516640334
Visa_mlimitecompra	0.00610881273400686	0.00861352063155942	0.0125987462412721
ctarjeta_debito_transacciones	0.00601249914720017	0.0136802216299034	0.0135976759594312
mttarjeta_visa_debitos_automaticos	0.00562044873678759	0.0096195160068636	0.0122114061464757
Visa_mconsumototal	0.00495365346670728	0.00498212052802684	0.0104887620406707
ctransferencias_recibidas	0.00486923257156722	0.010779104705697	0.0101421945874318
ccajas_consultas	0.00486735417340567	0.0133372821639806	0.00288466439019418
mpagomiscuentas	0.00435642030085263	0.0126228630669159	0.00866418633097192
Master_msaldopesos	0.00429547957477192	0.0074209907382635	0.0076652566128128
mextraccion_autoservicio	0.00409274231678747	0.00643154626948498	0.00933693491667091
Visa_mconsumosdolares	0.00406178064651312	0.00750755896350448	0.0076652566128128
ccallcenter_transacciones	0.00383553990182655	0.00895737146813173	0.00364915141939758
Master_msaldototal	0.00374570784619948	0.0072743355784031	0.00669690637582182
Master_mpagospesos	0.00361006329570429	0.0116956954593372	0.00764487029203405
ccaja_ahorro	0.00325791058119074	0.00971959137641721	0.00300698231486672
ctransferencias_emitidas	0.00319379790554176	0.0127505432581154	0.00694154222516691
Master_mpagominimo	0.00318743028397404	0.00704086806902866	0.00639111156414046
tcallcenter	0.00284190512262069	0.00331459032535034	0.00217114316293767
thomebanking	0.00283927848370664	0.00322069917101506	0.00359818561745069
internet	0.00282955992208112	0.00932113061919453	0.00295601651291983
cdescubierto_preacordado	0.00271384040055426	0.0096930221850754	0.00223230212527394
ctarjeta_visa	0.0027004758637396	0.000803936791018786	0.000509658019468936
ctarjeta_visa_debitos_automaticos	0.00250103896046623	0.00590908276755912	0.00566739717649457
Master_mconsumospesos	0.002480580149014	0.00763786418984961	0.00572855613883085
cextraccion_autoservicio	0.00243586960973378	0.00378502379276519	0.00505580755313185
cpagomiscuentas	0.00232933454760214	0.00484893415580114	0.00478059222261862
cmobile_app_trx	0.0022617884658877	0.00277196040045543	0.00459711533560981
mtarjeta_master_consumo	0.00222395655154858	0.00342424607431378	0.00283369858824729
matm	0.00212542270986313	0.00562466919937383	0.00531063656286632
ctarjeta_debito	0.00209208345378314	0.0036694043794815	0.00411803679730901
Master_fultimo_cierre	0.00189866755100709	0.00454372567449702	0.00394475307068957
ccuenta_debitos_automaticos	0.00188769442599993	0.00439361441813587	0.00406707099536211
Visa_fultimo_cierre	0.00169598480334807	0.00234669192130007	0.00352683349472504
mplazo_fijo_dolares	0.00168321465786268	0.011875400890463	0.00282350542785791
tmobile_app	0.00161012288400982	0.00690158018817141	0.00138626981295551
Master_mconsumototal	0.0014540044982564	0.00349414232976439	0.00322103868304368
Master_cconsumos	0.00127686615976644	0.00182484891854943	0.00276234646552164
ctarjeta_master_transacciones	0.00116471975129143	0.001626418236718	0.00161051934152184
ccajas_transacciones	0.00110086511628481	0.00160316529982199	0.000815452831150298
catm_trx	0.00107301079276015	0.00391829886480859	0.00283369858824729
catm_trx_other	0.00079559194362144	0.00645357738636952	0.00214056368176953
Visa_mpagado	0.000777394492848186	0.00387879108699466	0.00187554151164569
Visa_mpagosdolares	0.000765373224625648	0.00320069776167085	0.00169206462463687
Visa_msaldodolares	0.000719348852082041	0.00336936046504081	0.00159013302074308
matm_other	0.000632365692888202	0.00327676225039066	0.00175322358697314
mttarjeta_master_debitos_automaticos	0.000492629734111836	0.00722938434871332	0.00167167830385811
Master_mpagosdolares	0.000383325744794509	0.000210779933929128	0.00056062382141583
Master_mconsumosdolares	0.000354478588237831	0.000413706338052626	0.00080525967076092
cplazo_fijo	0.000349836395678167	0.00160014870692249	0.00056062382141583
ccajas_otras	0.000321688891455538	0.00427322639077861	0.000835839151929056
cseguro_vida	0.000290260579983097	0.00260303479402218	0.000703328066867132
cseguro_vivienda	0.000290014245629508	0.00223836866734589	0.000784873349982162
tcuentas	0.000274958415746298	0.00455249457043944	0.000825645991539677
active_quarter	0.000245416821355316	0.00057783136651403	0.000540237500637073
Master_madelantopesos	0.000178075687230591	0.000099937525242315	0.000244635849345089
ccheques_depositados	0.000171218387362446	0.000955026142667081	0.000152897405840681
cseguro_accidentes_personales	0.000111579623750535	0.000364402824064272	0.000244635849345089
ctarjeta_master_debitos_automaticos	0.000106988866926342	0.000219808136996284	0.00016309056623006
ccajas_extracciones	0.00010642014935306	0.00263409651126624	0.00056062382141583
mcheques_depositados	0.0000949505374784528	0.000574543480027943	0.0000917384435044085
Master_cadelantosefectivo	0.0000806741616162903	0.0000388748926281215	0.000112124764283166
cinversion2	0.0000773358679759666	0.00136115184269558	0.000214056368176953
Visa_delinquency	0.0000767544508795942	0.000188933808105847	0.000234442688955711
cinversion1	0.0000767402710475699	0.0018267176079522	0.000285408490902604
Master_msaldodolares	0.0000750606979548095	0.000177276174857024	0.000193670047398196
Master_mpagado	0.0000604161491487175	0.000205855096302745	0.00016309056623006
minversion2	0.0000561605550442747	0.000788787101883659	0.000152897405840681
Master_madelantodolares	0.0000536496001414559	0.0000388489219607749	0.000112124764283166
Master_delinquency	0.0000426841350645248	0.0000738521874106021	0.0000917384435044085
ctarjeta_visa_descuentos	0.0000363840351336876	0.00093962353918687	0.000183476887008817
Visa_madelantopesos	0.0000337924066551486	0.0000648060046506681	0.000193670047398196
mtarjeta_visa_descuentos	0.0000219428574110511	0.000351953684784468	0.0000815452831150298
Visa_madelantodolares	0.0000145051155838694	0.0000592786475418422	0.0000917384435044085
Visa_cadelantosefectivo	0.0000143734438801287	0.0000308223875557435	0.0000917384435044085
mcaja_ahorro_adicional	0.00000450801918077416	0.0000716498748196054	0.0000203863207787575
Visa_Finiciomora	0.00000412425673748562	0.000175146580134598	0.0000305794811681362
mforex_sell	0.00000051220068266791	0.0000143645758838014	0.0000101931603893787
cforex	0.000000340268495208574	0.0000129749454063909	0.0000101931603893787
cforex_sell	0.000000114899842682486	0.0000139206772465377	0.0000101931603893787
