Feature	Gain	Cover	Frequency
ctrx_quarter	0.12599437999428	0.0215112452220232	0.0234659061974843
cpayroll_trx	0.0462753497018988	0.0097108648199208	0.00375821153944085
mcuentas_saldo	0.0436949655073073	0.0218785972290037	0.0272037480266843
mcaja_ahorro	0.0386153865034355	0.0137014844133294	0.0222640932932729
mtarjeta_visa_consumo	0.0381921336327195	0.0109588798275593	0.0153180221011356
mpasivos_margen	0.0367870765247234	0.0174045727777552	0.0216937414065285
mpayroll	0.0362293615609415	0.0168988100993124	0.00898304221622447
mprestamos_personales	0.035449907091071	0.023848635624111	0.00742475938279778
mcuenta_corriente	0.028980631415445	0.013960020399875	0.0193512247288282
mrentabilidad_annual	0.024846950994052	0.0291635257000971	0.0303406834037786
Visa_mpagominimo	0.0192901573366043	0.0150077311069007	0.021540968579722
ctarjeta_visa_transacciones	0.0192828185150955	0.0186963605860394	0.0148393339104751
cliente_edad	0.0176448934721881	0.0298767428529055	0.0320822936293731
Visa_msaldototal	0.0165292442980207	0.009736296755997	0.0152772826806539
Master_fechaalta	0.0156067281271268	0.0180396395896956	0.029322197891735
Visa_status	0.015492652428913	0.0106892993084541	0.00237307124306157
Visa_fechaalta	0.0145215704890948	0.0140893429029896	0.0251667770025971
Master_Fvencimiento	0.0139235825064025	0.0159472184133099	0.0265315475887356
Visa_msaldopesos	0.0134565385610548	0.0143056543281321	0.0183734786372664
cprestamos_personales	0.0130574296974391	0.00969907272381663	0.00535723379334929
mactivos_margen	0.0129678164644165	0.0217913950596826	0.0215002291592402
Visa_Fvencimiento	0.012891712416891	0.0164694099187947	0.0250649284513928
mrentabilidad	0.012619247229857	0.0154119804863504	0.0210826500993023
cproductos	0.0124015329934186	0.00978923559619292	0.0109385343993482
Master_status	0.0120515062998372	0.00461094239165867	0.00162957681926975
ctarjeta_debito_transacciones	0.011981178695309	0.0134578857207924	0.0132097570912054
Visa_mpagospesos	0.011672965895882	0.0124026083289151	0.0185873605947955
numero_de_cliente	0.0115290495751967	0.0186172406488647	0.0239445943881448
mautoservicio	0.0107386565611299	0.0147243673849429	0.0177318327646789
cliente_antiguedad	0.0106412560514844	0.0173431327982771	0.0212965320568315
chomebanking_transacciones	0.0105866067820536	0.0175267119619385	0.0220298416255029
mcomisiones_otras	0.0104442798669892	0.012467088480009	0.0202169374140653
mtransferencias_recibidas	0.010434353015213	0.0139549799367023	0.0187706879869634
Master_mfinanciacion_limite	0.0102191921870938	0.0147833226740502	0.0209095075622549
mcomisiones_mantenimiento	0.00992292128464058	0.0130922744346936	0.0113051891836839
Visa_mfinanciacion_limite	0.00872605152488451	0.0123791635061924	0.0177012781993176
mcomisiones	0.00854854627236609	0.0118569328654365	0.0178438661710037
ctarjeta_master	0.0084290847076144	0.000289911292404624	0.000539797321383103
Visa_mconsumospesos	0.00812003997788925	0.0089042134055498	0.0180271935631716
ccomisiones_mantenimiento	0.0078035617968024	0.0112402772018176	0.00579518256352803
ccomisiones_otras	0.00764988466729252	0.0186055843281906	0.013668075571625
Master_mlimitecompra	0.00739488863503471	0.00992532929987446	0.015725416305953
mcaja_ahorro_dolares	0.00728448105692778	0.013387380335318	0.0146050822427051
mtransferencias_emitidas	0.0070325883608082	0.0159916625036555	0.0144217548505373
Visa_mlimitecompra	0.00676316686723972	0.00983072058084141	0.0139939909354789
ccaja_seguridad	0.00654561533615658	0.0160359752113056	0.00288231399908336
Visa_cconsumos	0.00645475926799488	0.00816892435922077	0.0133116056424097
ctarjeta_visa	0.00641374587570382	0.000617755843942134	0.000539797321383103
mcuenta_debitos_automaticos	0.00630844165797611	0.0158892818392678	0.0100626368589907
Visa_mconsumototal	0.00541944956531796	0.00565914428626974	0.0118144319397057
mttarjeta_visa_debitos_automaticos	0.00541699461619899	0.00940798737328114	0.011753322808983
ctransferencias_recibidas	0.00485992376544236	0.00864770766102374	0.0100320822936294
ccajas_consultas	0.0046012632959144	0.012585459097328	0.00297397769516729
Master_msaldopesos	0.00446449371302304	0.00726414963887463	0.00765901105056781
mpagomiscuentas	0.00441490109046698	0.0132189453235262	0.00913581504303101
Visa_mconsumosdolares	0.0042657155966652	0.00773783337525886	0.00803585069002394
Master_msaldototal	0.00386475967403565	0.00806378745360198	0.00693588633701686
ccallcenter_transacciones	0.00380858285310877	0.00986554458262501	0.00391098436624739
Master_mpagospesos	0.00369711557136996	0.0124512251176993	0.00752660793400214
Master_mpagominimo	0.00333763680894647	0.00829712871173451	0.0067220043794877
ctransferencias_emitidas	0.00324202164225934	0.0120505394439503	0.00722106228038906
ccaja_ahorro	0.0031492901721665	0.0103742515912035	0.00308601110149208
internet	0.00313299348713662	0.00961917048056089	0.00295360798492641
mextraccion_autoservicio	0.00307943956528244	0.00608229879700281	0.00830065692315527
tcallcenter	0.00290729393047603	0.00310919465298418	0.00205734073432805
cdescubierto_preacordado	0.00278112433895923	0.0103067468427344	0.00233233182257982
mtarjeta_master_consumo	0.00271608176775264	0.00267386787494266	0.00270917146203595
ctarjeta_visa_debitos_automaticos	0.00260082322745769	0.00599284954431356	0.00577481285328716
thomebanking	0.00257034371702734	0.00302783761592887	0.00342211132046647
cpagomiscuentas	0.0024848400396709	0.00481636382862818	0.00517390640118144
matm	0.00237620052774267	0.00531455822486142	0.00519427611142232
cmobile_app_trx	0.00215265481714319	0.00258573284854886	0.00466466364515965
ccuenta_debitos_automaticos	0.00209907170589215	0.00490425565726629	0.00446096654275093
Master_mconsumospesos	0.00207792461014131	0.00600060232137226	0.00456281509395529
ctarjeta_debito	0.00199251319486814	0.00371956950494239	0.00407394204817436
cextraccion_autoservicio	0.00193031338092336	0.00373014361557066	0.00490910016805011
Master_fultimo_cierre	0.00185768473688404	0.00500590033895502	0.00384987523552477
Visa_fultimo_cierre	0.00185404524334277	0.00231365565888785	0.00355451443703213
mplazo_fijo_dolares	0.00160169904080968	0.0116057371382458	0.002780465447879
tmobile_app	0.00159050229981576	0.00682221898351676	0.0013342160207771
ccajas_transacciones	0.00150639431775391	0.00220207181637632	0.000967561236441412
Master_mconsumototal	0.00140142229339803	0.00477253312375496	0.0032897082039008
Master_cconsumos	0.00123209991287729	0.00159078726903644	0.00262769262107247
catm_trx	0.00105114913801388	0.00354607326432384	0.00305545653613077
Visa_mpagado	0.00102256744830477	0.00440360971584075	0.00219992870601416
Visa_mpagosdolares	0.000979590667801386	0.00359475075271213	0.00200641645872587
ctarjeta_master_transacciones	0.000926550718230437	0.00225034237781381	0.00176197993583541
matm_other	0.000814554830301828	0.00346865531209943	0.00208789529968936
Visa_msaldodolares	0.000801517206194466	0.00339789195330791	0.00172124051535367
catm_trx_other	0.000715954873707205	0.00654890304272583	0.00204715587920762
cplazo_fijo	0.000525329421153237	0.00222233030922621	0.00072312471355095
mttarjeta_master_debitos_automaticos	0.00049718422260105	0.00655944959892858	0.00153791312318582
active_quarter	0.000432186350305608	0.000550003904322327	0.000519427611142231
Master_mconsumosdolares	0.000370534369771069	0.000346238927600033	0.000743494423791822
ccajas_otras	0.00036410849861741	0.00453197580085212	0.000906452105718796
cseguro_vivienda	0.000337787656679999	0.00245204796073309	0.000906452105718796
Master_mpagosdolares	0.000317078886925555	0.000203757389271789	0.000590721596985283
cseguro_vida	0.000304956337703596	0.00317263692071682	0.000794418699394001
tcuentas	0.000203930086795407	0.00433273813604465	0.000763864134032693
cseguro_accidentes_personales	0.000166148692882259	0.000526280741967888	0.000356469929215257
ccheques_depositados	0.000151999775644058	0.000905592567642733	0.000142587971686103
ctarjeta_master_debitos_automaticos	0.000131029479346103	0.00021508944627162	0.000244436522890462
ccajas_extracciones	0.000123022250751899	0.00286194000732191	0.000621276162346591
Master_madelantopesos	9.21141851552946e-05	8.18438319061663e-05	0.000173142537047411
Master_mpagado	8.91147427368984e-05	0.000296453671437934	0.000234251667770026
cinversion1	8.51448143251983e-05	0.00202137827994399	0.000315730508733513
Master_msaldodolares	7.33972349236262e-05	0.000208462407264248	0.000183327392167846
cinversion2	7.31834655550432e-05	0.00128818776268899	0.000203697102408718
Visa_madelantopesos	5.9302799115933e-05	8.13522449813049e-05	0.000213881957529154
Master_cadelantosefectivo	5.47622597219292e-05	2.8821929094188e-05	8.14788409634873e-05
minversion2	4.85463455694005e-05	0.000658240882481896	0.000132403116565667
Visa_delinquency	4.7686177198458e-05	0.000174178312485045	0.000152772826806539
Master_delinquency	4.25607744766513e-05	4.08827806820544e-05	0.000132403116565667
ctarjeta_visa_descuentos	4.10256177611911e-05	0.000944278581733673	0.000183327392167846
mcheques_depositados	3.83675279348649e-05	0.00026082300386374	4.07394204817436e-05
Master_madelantodolares	3.21671921711259e-05	3.52061696853813e-05	0.000101848551204359
mtarjeta_visa_descuentos	3.17761912814928e-05	0.00106666735310465	0.000203697102408718
Visa_madelantodolares	8.69552999106738e-06	4.34685039464552e-05	4.07394204817436e-05
Visa_cadelantosefectivo	4.91000205111825e-06	4.97057876015405e-06	2.03697102408718e-05
Visa_Finiciomora	2.71209665513461e-06	0.000123367153146692	2.03697102408718e-05
mforex_sell	7.58303101531598e-07	3.09368310877428e-05	2.03697102408718e-05
cforex_sell	8.96263547620029e-08	1.06887210648577e-05	1.01848551204359e-05
