Feature	Gain	Cover	Frequency
ctrx_quarter	0.100412354145275	0.0186393048381959	0.0219245924158623
mcaja_ahorro	0.0555948115674406	0.0154402961913364	0.0226204677728374
mpayroll	0.0408128154981005	0.0159831873089367	0.008919856848498
mpasivos_margen	0.0386723294931004	0.0179899041544566	0.020406318909735
mcuentas_saldo	0.0373762789005032	0.0211070031906016	0.0239037703792069
cpayroll_trx	0.0326234953596596	0.00769603305630861	0.00299136030076275
mprestamos_personales	0.0288423827099397	0.0242166122486242	0.00784441311499114
ctarjeta_visa_transacciones	0.0273221573217671	0.0176686673528227	0.016330477533167
mtarjeta_visa_consumo	0.0255166859598064	0.00913853405542725	0.0144868597042982
mcuenta_corriente	0.0226702599931524	0.0160629451046134	0.0208943353938474
mrentabilidad_annual	0.0214831013120667	0.031089786671383	0.0284947402667823
Visa_msaldototal	0.0213640762314832	0.0112969516476574	0.0171709503669161
Visa_msaldopesos	0.0212348429070912	0.0143336087614583	0.0181198713082457
cprestamos_personales	0.0210934981365538	0.009068550519448	0.00452770849148682
Visa_mpagominimo	0.0184815188909005	0.0155675900636676	0.021364277193363
cproductos	0.0176530702720391	0.0122039037168683	0.0117937316993818
cliente_edad	0.0174106597648648	0.0324188452348654	0.0316578100712143
mactivos_margen	0.0168947166188718	0.0215782203766146	0.0215992480931208
mautoservicio	0.0157025179416123	0.0133095692133822	0.015417705961031
Master_fechaalta	0.0155399293601402	0.0189492431636251	0.0291725409391606
Master_Fvencimiento	0.0134855789568255	0.0169004305638187	0.0254762679391245
Visa_Fvencimiento	0.0130618099151865	0.0170875921598944	0.0244369735748111
Visa_mconsumospesos	0.0129613213504946	0.0102811171926869	0.0199725264794129
Master_status	0.0129507303698228	0.00481621496063813	0.00168998300979648
mrentabilidad	0.0127103172255471	0.0159561474492955	0.022060152550338
Visa_fechaalta	0.0125817004900099	0.0142221264219381	0.023018110833966
numero_de_cliente	0.0122743684319842	0.0222476991053674	0.0253497451469472
ctarjeta_debito_transacciones	0.0122579013017962	0.0132801132866904	0.013284893178614
Visa_status	0.0121970681790739	0.00977256453445941	0.00224126088999747
mcomisiones_otras	0.0113389943929601	0.0121493046878957	0.0198098543180422
cliente_antiguedad	0.0111406636903518	0.0180766258079467	0.0227018038535228
mcomisiones_mantenimiento	0.0107951573961799	0.0116704415605878	0.0102844955355529
chomebanking_transacciones	0.0106614025054457	0.0182101878333717	0.0218522936774753
Master_mfinanciacion_limite	0.0105854249035078	0.0149631874794541	0.0216263601200159
Visa_mpagospesos	0.0104634751107536	0.0135631534133514	0.0204515056212269
mcomisiones	0.0103774550956855	0.0135488558811193	0.0199454144525178
mtransferencias_recibidas	0.00956327904866523	0.0151020961812374	0.0171076889708275
Visa_mfinanciacion_limite	0.00948036950535767	0.0121478417669585	0.0185084770270759
Master_mlimitecompra	0.00865910455655473	0.0113651518230808	0.0176860788779236
mcaja_ahorro_dolares	0.00815920941879297	0.0133624717171896	0.0145862704695803
ccomisiones_mantenimiento	0.0079710071414289	0.0101889211637345	0.00532299461374399
Visa_mlimitecompra	0.00750365565360464	0.010925115352993	0.0156617142030872
ccomisiones_otras	0.00733738603271192	0.0179127081730747	0.0131312583595416
mtransferencias_emitidas	0.00730970116684591	0.0170425596667432	0.0142609261468387
Visa_cconsumos	0.00680960749022955	0.00974825743564718	0.0147489426309511
mcuenta_debitos_automaticos	0.00680063415247179	0.0143216125373485	0.00915482774825579
ccaja_seguridad	0.0064038078834447	0.0142192591513861	0.00264794129342443
mttarjeta_visa_debitos_automaticos	0.00608412359645062	0.0102635427311767	0.0130047355673644
Visa_mconsumototal	0.00607352996329021	0.00671739581798926	0.0135198640783718
ctarjeta_master	0.00529458861468517	0.000561324398152326	0.000750099410765282
mextraccion_autoservicio	0.00513798327094944	0.00549730511353352	0.00807034667245057
ccajas_consultas	0.00492569643158567	0.0118926063324398	0.00277446408560171
ctransferencias_recibidas	0.00465389695589273	0.00849884395209893	0.00911867837906228
mpagomiscuentas	0.00465004686677859	0.0125713383085451	0.00868488594874019
Master_msaldopesos	0.00420633136669904	0.00677835119757022	0.00733832194628204
ctarjeta_visa	0.00402165989560023	0.000546449325438455	0.000515128511007483
Master_msaldototal	0.00390834404873933	0.00812990285152396	0.00740158334237068
ccallcenter_transacciones	0.00385446751096552	0.00898366534934121	0.00335285399269783
Master_mpagospesos	0.00374623990053465	0.0121107858706493	0.00759136753063659
Visa_mconsumosdolares	0.00371345702717037	0.00716554305411103	0.00736543397317717
cextraccion_autoservicio	0.00353378061240446	0.00395617715857722	0.00473556736434949
Master_mpagominimo	0.00348307083825015	0.00781404371456416	0.00683223077757293
ctransferencias_emitidas	0.00344970140927063	0.0116125918232199	0.00704912699273398
cdescubierto_preacordado	0.00283114398579938	0.0093652084785761	0.0021508874670137
internet	0.00280041051624627	0.00952053553931331	0.00287387485088385
ccaja_ahorro	0.00279680164935331	0.00855674102326812	0.00262986660882768
tcallcenter	0.00271777720921199	0.00318717008857694	0.00186169251346564
ctarjeta_visa_debitos_automaticos	0.0026843580973969	0.00610390514393128	0.0063351769511622
mtarjeta_master_consumo	0.00264236031899247	0.0029515802247724	0.00288291219318223
thomebanking	0.00261596942358176	0.0033130344120035	0.00341611538878647
Master_mconsumospesos	0.00250787718292653	0.00585267196960228	0.00539529335213101
cpagomiscuentas	0.00235610626606035	0.00503191168773192	0.00473556736434949
matm	0.00234875208099039	0.00486843946733527	0.00481690344503488
ccuenta_debitos_automaticos	0.00233696747389012	0.00416179042387599	0.00396739326898746
ctarjeta_debito	0.00225370491407964	0.00361891837600859	0.00442829772620468
cmobile_app_trx	0.00216670208957635	0.00236871417960742	0.00425658822253552
Master_fultimo_cierre	0.00197376030712126	0.00565209243272384	0.00431984961862416
ctarjeta_master_transacciones	0.00179762646840902	0.00139308212687252	0.00149116147923219
Visa_fultimo_cierre	0.00161889584172881	0.00222964985518256	0.0033257419658027
tmobile_app	0.00154175023647652	0.00640912132675438	0.00126522792177277
Master_cconsumos	0.00152965297302955	0.00204552817884762	0.00286483750858548
Master_mconsumototal	0.00151287127962153	0.00381332136261726	0.00328959259660919
mplazo_fijo_dolares	0.00144210025015529	0.0108426258180802	0.00255756787044066
ccajas_transacciones	0.0013783839369255	0.00213046510965796	0.000976032968224705
catm_trx	0.00131226698954835	0.00471973811718351	0.00333477930810107
Visa_mpagado	0.00098849682962831	0.00341194332746312	0.00205147670173155
Visa_mpagosdolares	0.00098191610074297	0.00315450704145068	0.00204243935943318
catm_trx_other	0.000778576826882121	0.00596896703295988	0.00198821530564292
Visa_msaldodolares	0.00074872552462275	0.00339952859082264	0.00178939377507862
matm_other	0.000717014042100082	0.00332581726259489	0.00197014062104616
mttarjeta_master_debitos_automaticos	0.000505538391592848	0.00557211533511889	0.00147308679463543
Master_mconsumosdolares	0.000480653456210298	0.000539564811335248	0.00100314499511984
Master_mpagosdolares	0.000416822476979789	0.000288692599807322	0.000695875356975021
cplazo_fijo	0.000393681930830501	0.00204306545905762	0.000641651303184759
ccajas_otras	0.000385284084941908	0.00470388538012823	0.000966995625926328
cseguro_vivienda	0.000355466180120303	0.00391545510612048	0.00110255576040198
cseguro_vida	0.000294608032166433	0.00273780920016927	0.000741062068466905
active_quarter	0.000288169333301794	0.000637453496085408	0.000578389907096121
tcuentas	0.000247053720039821	0.00414324578970512	0.000759136753063659
Master_madelantopesos	0.000245087079903366	0.000132895265835868	0.000343419007338322
Master_mpagado	0.0001835546614849	0.00034051936636139	0.000325344322741568
cseguro_accidentes_personales	0.000179099921184234	0.000422464732825055	0.000361493691935076
Visa_delinquency	0.00017104574414966	0.000148270237976138	0.000280157611249684
Visa_cadelantosefectivo	0.000170713415218666	0.000118902508798973	0.000216896215161045
Master_msaldodolares	0.00016186229283191	0.000350650843019581	0.000316306980443191
Visa_madelantopesos	0.000160547943596139	0.000154194114285155	0.000343419007338322
Master_cadelantosefectivo	0.000116574290930094	0.0000603740932588471	0.000171709503669161
ctarjeta_master_debitos_automaticos	0.00011607984320937	0.000271358893674786	0.000189784188265915
ccajas_extracciones	0.00010996708909756	0.00349634221938129	0.000686838014676644
Master_delinquency	0.000083402274186878	0.0000847721138332412	0.000207858872862669
Master_madelantodolares	0.0000789787095008615	0.0000710357765974894	0.000162672161370784
Visa_madelantodolares	0.0000606332848494768	0.0000993512651564164	0.000198821530564292
mcheques_depositados	0.0000471484194888219	0.000219570266586492	0.0000361493691935076
ctarjeta_visa_descuentos	0.0000240944317159065	0.000626758440714213	0.000126522792177277
mtarjeta_visa_descuentos	0.0000194583202977419	0.000892496871151455	0.000162672161370784
ccheques_depositados	0.0000119793469081251	0.000055603254727614	0.00000903734229837689
Visa_Finiciomora	0.00000970160000548886	0.000174094061614791	0.0000361493691935076
cinversion2	0.00000883596711738105	0.000111206509455228	0.0000180746845967538
cinversion1	0.00000738485101992676	0.000111206509455228	0.0000180746845967538
minversion2	0.00000435784016375646	0.000055603254727614	0.00000903734229837689
mcaja_ahorro_adicional	0.000000973816698059758	0.000052213609706922	0.00000903734229837689
mforex_sell	0.000000572940392567991	0.0000190200153692717	0.0000180746845967538
cforex	0.000000147435399986646	0.0000124188230118159	0.00000903734229837689
