Feature	Gain	Cover	Frequency
ctrx_quarter	0.0713860815503878	0.0198017217070984	0.0222740292950925
mcuentas_saldo	0.0516108962297317	0.021931491154648	0.0255270315450857
mpasivos_margen	0.0472353122746984	0.0185506498604484	0.021740898370788
mcaja_ahorro	0.0432472835835926	0.0135833460728187	0.0212077674464836
mpayroll	0.0390598863444342	0.0143635462061134	0.00811443339026087
mtarjeta_visa_consumo	0.036947872839956	0.010267483998021	0.0150451354062187
mprestamos_personales	0.032823263050025	0.0259963777295659	0.00782527763470592
ctarjeta_visa_transacciones	0.0313108385313814	0.0153466250597703	0.0152891105749681
cpayroll_trx	0.0309744068350531	0.00774563674944876	0.00259336568263349
mrentabilidad_annual	0.0218446073126613	0.0291362596931184	0.0252469119068918
Visa_msaldopesos	0.0208041913220048	0.0163239673667573	0.0201505417152358
Visa_mpagominimo	0.019653262460664	0.0161598702472483	0.021831259544399
cprestamos_personales	0.0182406097700248	0.0101521783268205	0.00470781714512908
cliente_edad	0.0179443979255191	0.0311692217000589	0.0317438802895172
mcuenta_corriente	0.0173783684997018	0.015521138540338	0.0213794536763443
mautoservicio	0.0170367564864567	0.0144313388652086	0.0161746500763552
ctarjeta_debito_transacciones	0.0169121989522396	0.0130310338777176	0.0130029728826118
cproductos	0.0162654881727832	0.00919003509297901	0.00963250110692438
Master_fechaalta	0.0143678443479373	0.018064669786392	0.0272077493742489
Visa_msaldototal	0.0141744949910847	0.0108337584630145	0.0173132008638528
Visa_fechaalta	0.0137985334295766	0.014055135064996	0.0237017358381451
Master_status	0.0135060921091231	0.00475329519190735	0.00167168171180207
Master_Fvencimiento	0.0132720173320929	0.0176283960701112	0.0255631760145301
mrentabilidad	0.013209039376575	0.0173787973945736	0.0227439073978693
Visa_Fvencimiento	0.0131366366577324	0.0175279388075323	0.0248222143909205
mactivos_margen	0.0130428495459484	0.0209818635302984	0.0213794536763443
numero_de_cliente	0.0123918741961692	0.021631904506582	0.02614148752564
mcomisiones_otras	0.0122846481748302	0.0123730122372032	0.0206746365221791
ccomisiones_mantenimiento	0.0122166880706003	0.0104327597023486	0.00536745371248882
mtransferencias_recibidas	0.0121682284756527	0.0150688043211693	0.0194728329131539
mcomisiones_mantenimiento	0.0121538880886863	0.0135318362974918	0.0116114108090036
mcomisiones	0.0113062538603437	0.0131349619067323	0.0196354830256535
Visa_mpagospesos	0.0112657488086863	0.0131828506308274	0.021153550742317
Visa_mconsumototal	0.0111459165588971	0.00669490164384241	0.01331923699025
cliente_antiguedad	0.010844279587962	0.018274369879485	0.0217318622534269
Master_mfinanciacion_limite	0.0106650875793898	0.0141727176862466	0.0212348757985669
Visa_status	0.0096689688617027	0.0100496891731831	0.00220481263610652
chomebanking_transacciones	0.00964657630433671	0.0170903128665674	0.0196625913777368
Visa_mconsumospesos	0.00883340394313235	0.00921307199210336	0.0183433182430173
Visa_mfinanciacion_limite	0.0086469985564894	0.0116210229971559	0.0176927177930187
Master_mlimitecompra	0.00811507990029818	0.0116821181669333	0.0175391037978801
ctarjeta_master	0.00786180914022164	0.000650790369387562	0.000777106093053937
mtransferencias_emitidas	0.00774246289538219	0.0176356578043724	0.0147107990638582
ctarjeta_visa	0.00747294489797542	0.00100952863926195	0.000587347628470999
ccomisiones_otras	0.00741194601132021	0.0183803423232912	0.0133915259291388
Visa_cconsumos	0.00716693436272411	0.00954217437100314	0.0149186297631634
Visa_mlimitecompra	0.00714101124410225	0.0106701974946694	0.0146385101249695
mcaja_ahorro_dolares	0.00705002512553404	0.012938985117167	0.0137710428583046
mcuenta_debitos_automaticos	0.0065375263182904	0.0149293237835383	0.00993069297984042
ccaja_seguridad	0.00641431208101401	0.0144279351176683	0.00266565462152222
mttarjeta_visa_debitos_automaticos	0.00564872289333882	0.00959328135599854	0.0119909277381695
ccajas_consultas	0.00500858865227829	0.011244506780577	0.00271987132568878
ctransferencias_recibidas	0.00487956067252282	0.00907514473584294	0.00981322345414622
mpagomiscuentas	0.00484703030902587	0.0136464531633776	0.00935238146873052
mextraccion_autoservicio	0.00478490707633139	0.00586959034734322	0.00766262752220626
Master_msaldototal	0.00449314366009864	0.00843644484598406	0.00823190291595507
Master_msaldopesos	0.0043242180988181	0.00697971197937137	0.00778009704790046
ccallcenter_transacciones	0.00405119777514516	0.00916693794454456	0.00337047177568742
Master_mpagominimo	0.00391786588009203	0.00823644049158364	0.0069126297812356
Master_mpagospesos	0.003751658192149	0.0130911731820361	0.0078523859867892
Visa_mconsumosdolares	0.00371020932574179	0.00694835627522528	0.00712949659790181
ctransferencias_emitidas	0.00345999132637934	0.0125834695084234	0.00730118282776257
catm_trx	0.00333076877719164	0.00421620644045919	0.00349697741874271
ccaja_ahorro	0.00312353344525707	0.00876947358441722	0.00285541308610516
ctarjeta_visa_debitos_automaticos	0.00289834142567514	0.00685180844821628	0.00658732955623628
cextraccion_autoservicio	0.0028826148043575	0.00341681385559016	0.00439155303749085
internet	0.0028757345452902	0.00942355701862378	0.00276505191249424
mtarjeta_master_consumo	0.00265748974738197	0.00274982556073101	0.00291866590763281
cdescubierto_preacordado	0.00265408179358541	0.00974766276653803	0.00221384875346761
thomebanking	0.00256659726298105	0.00339472334450506	0.00376806093957548
tcallcenter	0.00250269831316022	0.00286529539437753	0.00185240405902392
cpagomiscuentas	0.00245666208018063	0.00466637676165399	0.0051596230131837
Master_mconsumospesos	0.00241962389258736	0.00531076682652286	0.00486143114026765
ccuenta_debitos_automaticos	0.00240850081567398	0.0041663521672425	0.00420179457290791
cmobile_app_trx	0.00237841908721825	0.00261529460546697	0.00451805868054614
matm	0.00214544150865032	0.00435207405036094	0.00437348080276867
Master_fultimo_cierre	0.00214413343936703	0.00478949114961616	0.00405721669513044
ctarjeta_debito	0.00212279475458597	0.00351826252395123	0.00428311962915774
Master_mconsumototal	0.00186658551020587	0.00385872866738673	0.00391263881735296
Visa_fultimo_cierre	0.0018547582601073	0.00284250152336911	0.00391263881735296
tmobile_app	0.00150120948503365	0.0066549583821341	0.00131927313471947
mplazo_fijo_dolares	0.00138275270061577	0.0107316436674499	0.00253914897846693
ctarjeta_master_transacciones	0.00132068725777961	0.00168327636514539	0.0017530067680519
Master_cconsumos	0.00127283404719349	0.00212588878271768	0.00272890744304987
ccajas_transacciones	0.00124851350437242	0.00206600198393464	0.00103011737916452
matm_other	0.000898384268661706	0.0032705031447674	0.00184336794166283
Visa_mpagosdolares	0.000880162797161081	0.00347699343894186	0.00201505417152358
Visa_msaldodolares	0.000867174715376259	0.00290729559461035	0.00178011512013518
Visa_mpagado	0.000863676911289987	0.00314749571625459	0.00172589841596863
catm_trx_other	0.000681967525088496	0.00646701776740003	0.00195180134999593
Master_mconsumosdolares	0.000645556429862126	0.000663888840182662	0.00123794807846964
cplazo_fijo	0.000582254843923294	0.00255938290723221	0.000768069975692844
mttarjeta_master_debitos_automaticos	0.000439492664428806	0.00578897406262022	0.00149999548194132
Visa_madelantodolares	0.000416627581585408	0.000082191228766865	0.000253011286110584
active_quarter	0.000359237756039674	0.000481635354145142	0.000496986454860076
cseguro_vida	0.000349618180129753	0.00225752032455388	0.000677708802081922
Master_mpagosdolares	0.00033949975327119	0.000265243864361138	0.000569275393748814
ccajas_otras	0.000332873652329618	0.00477660592076124	0.000966864557636875
cseguro_vivienda	0.000288176985570069	0.00265738213335149	0.000876503384025952
Master_madelantopesos	0.000276504229295458	0.000141202720157379	0.00031626410763823
tcuentas	0.000265371254545484	0.0048341487505987	0.000876503384025952
Master_mpagado	0.000164455906720369	0.000303816623504732	0.000352408577082599
cseguro_accidentes_personales	0.000159661022918429	0.000486086695026489	0.000343372459721507
ctarjeta_master_debitos_automaticos	0.000143065279750592	0.000264000630001988	0.000234939051388399
Master_msaldodolares	0.000122452733777604	0.000247656143006438	0.000262047403471676
ccajas_extracciones	0.000120969964196345	0.00363733343855255	0.000731925506248475
Master_cadelantosefectivo	0.000101156738108174	0.0000451230099789541	0.000126505643055292
Visa_madelantopesos	0.0000891847234413624	0.000129100732333512	0.000234939051388399
Master_madelantodolares	0.0000757207783833805	0.000104814167743869	0.000180722347221846
Visa_delinquency	0.0000736845597207985	0.000242069204173839	0.000207830699305123
Master_delinquency	0.0000559063107603226	0.0000383175457739234	0.000126505643055292
Visa_cadelantosefectivo	0.0000483280102202303	0.0000729104656594474	0.000126505643055292
ccheques_depositados	0.0000452305879666535	0.000216809850161871	0.0000361444694443691
mtarjeta_visa_descuentos	0.0000308852641538919	0.00118031918633759	0.000234939051388399
ctarjeta_visa_descuentos	0.0000222055889919733	0.000612322877296976	0.000126505643055292
mcheques_depositados	0.0000113787083111223	0.0000552682491422579	0.00000903611736109229
cinversion2	0.00000893320591085895	0.000110536498284516	0.0000180722347221846
minversion2	0.00000680407065439847	0.0000570144636968065	0.0000180722347221846
cseguro_auto	0.00000348128061142841	0.000386877743995805	0.000063252821527646
Visa_Finiciomora	0.0000012217013519117	0.0000522828619798004	0.00000903611736109229
cforex	0.00000049569024157695	0.000012652693596352	0.00000903611736109229
mforex_sell	0.000000485029749965937	0.0000136650850932806	0.00000903611736109229
