num_iterations	learning_rate	feature_fraction	num_leaves	min_data_in_leaf	y	dob	eol	error.message	exec.time	ei	error.model	train.time	prop.type	propose.time	se	mean	iter
2042	0.0106813864740111	0.333513921597211	1076	216	0.930297740953476	144			40.942	-0.000712141943088367		0.437999999999647	infill_ei	0.893000000000029	0.00301202750261584	0.928800343465316	164
2047	0.011064188648102	0.573447671055003	1442	228	0.929953239726589	46			42.5940000000001	-0.00639182717976084		0.103000000000065	infill_ei	0.596000000000004	0.0108711384948663	0.932258556060636	66
1294	0.0109790222696822	0.773679149918596	58	228	0.929829049268773	185			23.4639999999999	-0.000280823200534413		0.623000000000047	infill_ei	0.990999999999985	0.0013026619954096	0.929719139623775	205
1374	0.0104752353432245	0.575828324265558	1177	225	0.929404300019619	191			27.27	-0.000206541797624473		0.753000000000156	infill_ei	1.02100000000019	0.00127404205846661	0.929502399974992	211
1291	0.0107602588974984	0.717890183502014	845	311	0.929313885246057	110			22.1280000000002	-0.00131779004243991		0.268000000000029	infill_ei	0.808999999999742	0.00437104992547871	0.929022451380288	130
1464	0.0106188206483317	0.60249252696294	1362	183	0.92916486010604	204			31.5740000000005	-0.000217759950784791		0.759000000000015	infill_ei	1.06299999999965	0.00100570450688302	0.929853937955028	224
2047	0.0105666308518351	0.384954333370319	1803	218	0.92900856071272	166			41.1089999999999	-0.000297058747013012		0.550000000000182	infill_ei	0.952999999999975	0.00219949863852166	0.928685453410292	186
2048	0.0393077590131875	0.584690717002135	573	304	0.928921259381129	217			34.9200000000001	-0.000456385598038431		0.878999999999905	infill_ei	1.14699999999993	0.00205906913899946	0.929420840035779	237
1314	0.0126496287470991	0.126151816094044	12	377	0.928812150782196	115			13.8610000000003	-0.000864857160740402		0.310999999999694	infill_ei	0.81899999999996	0.00709104491060987	0.924338897577876	135
1397	0.0101161768010174	0.321014245950672	998	159	0.92877097316656	271			27.6480000000001	-0.000687765836475189		0.892000000000735	infill_ei	1.23199999999997	0.001711690973251	0.930307518544359	291
913	0.055765735111052	0.999457123740554	544	282	0.928754292387672	251			15.7860000000001	-0.000547934730459489		0.720000000000255	infill_ei	1.1909999999998	0.00175306485648994	0.929970579824512	271
2042	0.0301265125524525	0.48374637838319	1312	163	0.928727107798147	283			46.6880000000001	-0.000729047069466574		1.05699999999979	infill_ei	1.26699999999983	0.00132054409010097	0.930662296501267	303
2022	0.0107407161980586	0.484520018441597	1566	81	0.928708759954811	212			69.0230000000002	-0.000412479728964858		0.728000000000066	infill_ei	1.08399999999983	0.00201355400125237	0.929336418322007	232
1565	0.010586634345887	0.328613994541262	10	215	0.928703379244789	169			17.0859999999998	-0.000314928476073873		0.570000000000164	infill_ei	0.972000000000207	0.00184242470692215	0.929207385377798	189
2047	0.010206331018191	0.207455377394739	900	237	0.92863196184747	162			35.6390000000001	-0.000443321623385084		0.529999999999745	infill_ei	0.942000000000007	0.00187760379542898	0.929577335567128	182
1950	0.097147129219029	0.76685675006695	847	315	0.928628059497749	21			33.688	-0.0115210052855057		0.0789999999999509	infill_ei	0.521000000000072	0.0219780558275242	0.931394012698921	41
2048	0.03475975943381	0.346262759916576	842	192	0.928620558596916	295			38.558	-0.000305069779368701		2.02000000000044	infill_ei	1.29199999999946	0.00131678413994801	0.92977575321666	315
1809	0.0100981398720693	0.261695072492859	1243	121	0.928584576124825	280			39.5699999999997	-0.000450554509211676		1.32999999999993	infill_ei	1.27999999999975	0.00140821468645524	0.930059171777515	300
2040	0.0101797332777171	0.739716511535019	925	224	0.928453117853454	194			36.6690000000003	-0.000607671297769746		0.739999999999782	infill_ei	1.02099999999973	0.00104919569749396	0.930633454437774	214
1831	0.0111457404861218	0.575681618419137	1056	143	0.928441459951116	237			44.7149999999992	-0.000916399005814488		1.2470000000003	infill_ei	1.14600000000064	0.000899526431847928	0.931127445174244	257
1779	0.0373383286943018	0.272695265070629	27	145	0.928418647126864	235			22.9309999999996	-0.000379561275756304		0.880000000000109	infill_ei	1.13000000000011	0.00158988539154766	0.929699583615351	255
810	0.0405848627830206	0.999311307787545	9	263	0.928299787355692	243			7.59699999999975	-0.000584538115357349		0.737999999999374	infill_ei	1.15599999999995	0.00237651259285663	0.929451741010657	263
1203	0.0649621849640252	0.999935607253361	1280	313	0.928264005660918	279			19.5039999999999	-0.000393930908477687		0.983999999999469	infill_ei	1.27000000000044	0.00166731479975104	0.929658763315166	299
1806	0.127628421767492	0.574604372736721	8	211	0.928195167699512	285			18.7760000000008	-0.000575663658422425		0.717999999999847	infill_ei	1.25900000000001	0.00131184668259469	0.930399234995166	305
1504	0.0101900386590381	0.765749206146511	1466	281	0.928191644537238	118			27.5480000000002	-0.00125838351393069		0.345000000000255	infill_ei	0.83600000000024	0.00344827571161751	0.929711947673335	138
1970	0.0105716062209703	0.336568463079452	1143	244	0.928123367079243	199			34.855	-0.000335224644893974		0.603000000000066	infill_ei	1.03999999999996	0.000687262880805814	0.930412241099723	219
1136	0.0106387583748556	0.703587077338523	42	217	0.9281028371338	213			18.6449999999995	-0.000344742750079029		0.697000000000116	infill_ei	1.07099999999991	0.000801237352268413	0.930346736646692	233
2044	0.0257439043975818	0.703944699139898	1453	313	0.928077367980155	136			36.855	-0.000857780315502428		0.360000000000127	infill_ei	0.869999999999891	0.00179981860062473	0.9302173222912	156
977	0.0101029441522758	0.843969879575069	72	321	0.928059533487046	124			16.4859999999999	-0.000910868164831854		0.411999999999807	infill_ei	0.84900000000016	0.0039312222906197	0.928395122562119	144
2035	0.0105223492509188	0.430273562673839	1538	374	0.928020509099539	129			35.317	-0.000895307327498038		0.342999999999847	infill_ei	0.842999999999847	0.00272377886805143	0.929546394697865	149
1316	0.0520259358828126	0.245923082373639	8	229	0.927938686337737	244			12.299	-0.000582741202669609		0.951000000000022	infill_ei	1.25	0.00145192548188305	0.930304740969729	264
1103	0.0108417031176436	0.93845908609408	1088	221	0.927922199471475	150			22.2669999999998	-0.000501922464873256		0.552000000000135	infill_ei	0.920999999999822	0.00293000453871317	0.928567690797401	170
1311	0.0101814810687373	0.785570259819972	331	328	0.927889865411372	189			19.1039999999998	-0.000164954913877803		0.766999999999825	infill_ei	1.00799999999981	0.00116174079844848	0.929480239310484	209
1195	0.0103222135440982	0.542334888549466	8	130	0.927861240356608	138			14.0830000000001	-0.00103529109984151		0.385000000000218	infill_ei	0.871000000000095	0.00345620997948842	0.929201127501067	158
1305	0.0438086032426678	0.536699925399622	1391	293	0.92786039100145	249			23.1309999999994	-0.000353245469186105		0.788000000000466	infill_ei	1.17300000000068	0.00134475676942071	0.929879885313415	269
2048	0.0115562525052481	0.969302833659285	1250	314	0.927855246614204	83			35.048	-0.00239620779510525		0.167000000000144	infill_ei	0.714999999999918	0.0065053147185818	0.929544945249423	103
2015	0.0106426066906798	0.298902455023933	112	163	0.927851405997001	274			37.3240000000005	-0.000449529803600239		1.19899999999961	infill_ei	1.24799999999959	0.00115710011224586	0.930273363363435	294
1133	0.0386105256837081	0.984577622037001	750	396	0.927834391497508	132			17.156	-0.000703806971784493		0.331000000000131	infill_ei	0.859999999999673	0.00401969488494858	0.927634168800173	152
2047	0.0313851162401917	0.441401108765822	23	295	0.927817816506812	56			31.4179999999999	-0.00368665898041369		0.133000000000038	infill_ei	0.6400000000001	0.00887890162178557	0.930238561670999	76
1301	0.0152116754586358	0.773031896474748	8	56	0.927793283560163	239			10.9409999999998	-0.000357472036865452		1.24699999999939	infill_ei	1.14400000000023	0.00150841962656168	0.929722741376862	259
2044	0.0101587677898873	0.785319336309136	287	418	0.927782673041503	94			30.9360000000002	-0.00172871591492451		0.200000000000045	infill_ei	0.747000000000071	0.00607918563335933	0.928403402102389	114
1285	0.104965962168272	0.672106980981429	1310	239	0.927774151350196	195			23.8440000000001	-0.000239235160824863		0.748000000000047	infill_ei	1.02500000000009	0.0018872263804572	0.928845185357899	215
1395	0.0635325675849932	0.909025552982627	1064	311	0.927757725043269	210			22.5360000000001	-0.000199629959434117		0.664000000000669	infill_ei	1.07500000000073	0.00149458054128684	0.929192538138435	230
1429	0.0102022372684828	0.613287727364002	8	320	0.927743857395388	258			13.4589999999998	-0.000258745687175687		0.793999999999869	infill_ei	1.19999999999982	0.00137399654082552	0.929567760749741	278
1890	0.010337249990919	0.791500430507177	959	102	0.927670979620395	102			61.9760000000001	-0.00194710458190219		0.296000000000277	infill_ei	0.784999999999855	0.00446667292076414	0.930274353811483	122
1285	0.0187021359001047	0.795926624415053	758	196	0.927665566433725	209			25.9409999999998	-0.000242730235644035		0.819000000000415	infill_ei	1.05599999999959	0.000975360877791522	0.929958325584979	229
2041	0.0103699784253746	0.670830009088549	2044	336	0.927636992787718	113			34.5160000000001	-0.0010920969367196		0.324000000000069	infill_ei	0.802999999999884	0.00532925227638431	0.927410152807917	133
1266	0.0142074652944506	0.826500877185892	1713	329	0.92763480981898	202			20.663	-0.000158076700342464		0.736999999999625	infill_ei	1.04799999999977	0.00198591286577852	0.928264453630101	222
1263	0.0102600403902781	0.300367980982152	259	296	0.927631074065487	152			21.1789999999996	-0.000611468556076397		0.402000000000044	infill_ei	0.929000000000087	0.00272890264812417	0.929155244537583	172
1895	0.0103959952168062	0.100937973628883	10	121	0.927597620724077	120			19.9499999999998	-0.00189109373328715		0.317999999999756	infill_ei	0.822999999999865	0.0059035874243643	0.928958311254784	140
1263	0.0323647499521188	0.917010820637258	12	300	0.927584888788195	247			12.0329999999994	-0.000465011820374581		0.751999999999498	infill_ei	1.16800000000057	0.00125880389052571	0.930221544973774	267
2048	0.0966740553335126	0.816417744478477	1820	421	0.927474419278081	201			29.6390000000001	-0.00027327873176916		0.572999999999865	infill_ei	1.04500000000007	0.00228479011113277	0.928463431686224	221
1837	0.0599652893956275	0.507544116002962	1176	326	0.927420263228583	88			34.7740000000001	-0.00194655282743691		0.163999999999987	infill_ei	0.729000000000042	0.00434675419064126	0.930362756904158	108
1781	0.0103192568130226	0.857240247984732	678	249	0.927316128771488	137			34.471	-0.000649132422592638		0.311999999999898	infill_ei	0.877999999999702	0.0024144504984004	0.929242087059928	157
1218	0.115072741646313	0.844655568815488	15	297	0.927244471877369	98			13.5170000000001	-0.00150193323421068		0.202999999999975	infill_ei	0.779999999999973	0.00566513783165772	0.928229290383986	118
1351	0.178156246526789	0.589634132037005	1805	357	0.927222503683032	165			24.4949999999999	-0.000277428654384713		0.702999999999975	infill_ei	0.945000000000164	0.00351566076763979	0.92668237237951	185
1131	0.0564435115651797	0.771889153902194	374	144	0.927198165058411	71			29.0829999999999	-0.00306584449094785		0.122000000000071	infill_ei	0.69399999999996	0.00964982529278773	0.928268426281835	91
2048	0.111351101133958	0.600683656084069	1456	312	0.927157139810549	222			34.6779999999999	-0.00032497529195223		0.771999999999935	infill_ei	1.11400000000049	0.00132492157726883	0.929823570474956	242
1074	0.01407363862568	0.748474445372068	1234	448	0.927140733919436	158			15.5299999999997	-0.000370184485426395		0.608999999999924	infill_ei	0.954000000000178	0.00250227606870145	0.928597782286229	178
2022	0.113535566321177	0.997252699932788	962	213	0.927068403035291	167			35.52	-0.000312388259109897		0.577999999999975	infill_ei	0.959000000000287	0.00240932263655557	0.928474637236424	187
1286	0.0543703839019519	0.563104806535883	839	411	0.927027301355676	200			19.5700000000002	-0.000440366381301429		0.696000000000367	infill_ei	1.05099999999993	0.00152049856466595	0.929929976932569	220
2048	0.167978736004594	0.921156184499375	9	141	0.926866855915988	49			20.2819999999999	-0.0045522274090968		0.126999999999953	infill_ei	0.614000000000033	0.0102690248425532	0.930834074776393	69
1570	0.208029877855669	0.52195656524758	2048	564	0.92684739135193	281			22.3600000000006	-0.000225562455508295		1.27799999999934	infill_ei	1.2529999999997	0.0023651079537892	0.928102787061549	301
1720	0.0113818559879731	0.998161267156255	15	184	0.926769012003209	42			19.5790000000001	-0.00873298549640666		0.123000000000047	infill_ei	0.591999999999985	0.0172879730279932	0.93203347354216	62
2046	0.010147331295611	0.315473431946782	626	3	0.926707014323709	224			123.272	-0.00101592038180945		0.782000000000153	infill_ei	1.11400000000049	0.00279577262135944	0.930092892709673	244
927	0.103381570467286	0.931604672843273	872	347	0.926593795721811	177			14.7809999999999	-0.000258753290221982		0.648000000000138	infill_ei	0.972000000000207	0.00222334191061056	0.928478399541677	197
2045	0.0526755124743224	0.640390562886537	1064	295	0.926564942064313	270			33.5500000000002	-0.000292464463909747		0.990999999999985	infill_ei	1.23700000000008	0.000984045193779158	0.930078025102134	290
1982	0.0994934601945486	0.617608850954766	124	183	0.926521027705268	100			38.2140000000002	-0.00137128792181971		0.300999999999931	infill_ei	0.785999999999831	0.00381725720847373	0.929639824820679	120
1731	0.0452185112510145	0.675557060073716	1697	548	0.926432295784146	62			23.8129999999999	-0.00332561048996741		0.123000000000047	infill_ei	0.664999999999964	0.00918417911277988	0.929255402890536	82
395	0.0102690061027634	0.999818319439034	71	144	0.926412065355388	264			8.54100000000017	-0.000249524796212182		2.00099999999929	infill_ei	1.22100000000046	0.00388321702418182	0.92589798116081	284
2044	0.0265756198271929	0.659897544746905	13	1	0.926348102115141	17			20.2339999999999	-0.0133394358461198		0.0650000000000546	infill_ei	0.504999999999996	0.0465982534036587	0.914384289846583	37
1337	0.0111215920633553	0.581584290211676	2047	700	0.926153775263229	141			19.3000000000002	-0.000530768432969156		0.440999999999804	infill_ei	1.00999999999976	0.00530505575847428	0.925167674719641	161
2027	0.0116011544975688	0.299228398012862	593	1071	0.926133067859117	299			20.491	-0.000269998465561939		1.64500000000044	infill_ei	1.29799999999977	0.00308620638633576	0.927291075434533	319
2047	0.0113701106125173	0.10035040783021	68	479	0.926132332709552	232			20.7930000000006	-0.000904631322738697		1.22299999999996	infill_ei	1.1269999999995	0.00256907668509668	0.930047457230507	252
1246	0.208927343914205	0.396077091461622	10	69	0.926102548450548	112			14.817	-0.000962136723901965		0.289000000000215	infill_ei	0.802000000000135	0.0058629809771109	0.926336768210015	132
2042	0.292381131115378	0.997034640819009	32	297	0.926043141458607	15			25.249	-0.0146291361874848		0.0800000000000409	infill_ei	0.511999999999944	0.0481438283960657	0.915051771678457	35
1906	0.0204230623295168	0.76920276142933	10	983	0.925965116572299	253			16.6910000000007	-0.000194578631334306		0.815999999999804	infill_ei	1.18099999999959	0.00353841873680558	0.926017156486763	273
2043	0.0100604334993611	0.586347124925878	815	903	0.925931044791426	268			23.7370000000001	-0.000213345603886692		1.23999999999978	infill_ei	1.24200000000019	0.00322229641887734	0.92669513041709	288
2045	0.0101373181505522	0.275510430722841	1555	976	0.92592211556268	103			25.7939999999999	-0.00161221283880985		0.298000000000229	infill_ei	0.770999999999731	0.0065915280542386	0.927581582627595	123
1873	0.071673435607001	0.288907109376314	1078	1054	0.92590573264345	287			20.5889999999999	-0.000205300806584444		1.58899999999994	infill_ei	1.28200000000015	0.00268751246046934	0.927488806255285	307
1115	0.10349660942514	0.766149168590917	557	311	0.925847672584917	282			17.4890000000005	-0.000107745504947257		1.26299999999992	infill_ei	1.27299999999923	0.00106677098644719	0.929340945572546	302
1065	0.259196753940266	0.559892455093516	10	415	0.92581531049312	41			13.08	-0.00840192742767888		0.0900000000000318	infill_ei	0.581999999999994	0.0165150621980285	0.931983722202562	61
1821	0.180728117954271	0.332409645704074	8	935	0.925801968401799	269			19.2429999999995	-0.000197667474029701		0.957999999999629	infill_ei	1.22900000000027	0.00315495502133416	0.926683353566068	289
1210	0.132083174432778	0.924793553776813	2048	518	0.925741807243186	143			17.7249999999999	-0.000482539047750089		0.365999999999985	infill_ei	0.902000000000044	0.00580037422462686	0.924148312910496	163
1512	0.0223314586785904	0.100826927299963	153	210	0.925691762579751	276			20	-0.00019538906167299		1.01199999999972	infill_ei	1.26800000000003	0.00182929655404258	0.928713252910198	296
919	0.211676187862246	0.6396737341609	613	255	0.925670352504998	86			18.229	-0.00189886438144819		0.176000000000158	infill_ei	0.826999999999998	0.00639823678388541	0.928518012773577	106
2048	0.107586410930881	0.324734071076293	467	224	0.925646806690991	263			34.0909999999994	-0.000437251985487438		1.03799999999956	infill_ei	1.21600000000035	0.00236948478993992	0.929008542905861	283
1932	0.0104641708824624	0.109855408438392	1066	141	0.925629468122582	296			32.9800000000005	-0.000317024686874885		1.51900000000023	infill_ei	1.30299999999988	0.00185680054158221	0.929197573582822	316
797	0.235323462350497	0.5424474057111	1218	339	0.925604044216069	286			13.3379999999997	-0.000284404030204946		1.55799999999999	infill_ei	1.28999999999996	0.00283299426555162	0.927747411407959	306
1335	0.039173494649112	0.100512339724698	753	201	0.925579461483193	203			19.0149999999999	-0.000186559406837823		0.777000000000044	infill_ei	1.05200000000013	0.00311123889235374	0.926665803626042	223
2040	0.0780925149991827	0.996325775995768	10	388	0.925556290294064	139			19.2950000000001	-0.00082790209170622		0.338000000000193	infill_ei	0.881000000000313	0.00321481232727239	0.928910146073671	159
937	0.0625013600117266	0.998505095149669	416	1109	0.925488116108041	300			8.86999999999989	-9.10462704100259e-05		1.52199999999993	infill_ei	1.33799999999974	0.00275311259946599	0.926315324748164	320
1225	0.237323297047897	0.976441829093545	9	110	0.925468129806326	121			12.7559999999999	-0.0008488527512841		0.338000000000193	infill_ei	0.824000000000069	0.00430494071926097	0.927792171630354	141
1812	0.170042777713737	0.164373214500519	12	230	0.925466228733785	18			18.5350000000001	-0.0124842969914579		0.0639999999999645	infill_ei	0.522000000000048	0.0284409434365421	0.928555775447019	38
647	0.285716360454352	0.85991874584952	2048	971	0.925404221404265	289			6.71799999999985	-0.000162342471250499		1.1860000000006	infill_ei	1.27399999999943	0.00394811929554174	0.924977633640747	309
1965	0.0102862605586027	0.100048030593124	12	767	0.925390726073206	142			20.7490000000003	-0.00116072266848099		0.432000000000244	infill_ei	0.882999999999811	0.00537720944625208	0.927569488085512	162
1047	0.229051691992481	0.606776806689122	1947	479	0.925366927013895	228			14.8919999999998	-0.000237009213311979		1.04399999999987	infill_ei	1.11400000000049	0.00251735597867952	0.927944009702669	248
977	0.108294657111035	0.999768818761868	1722	1059	0.925365003901209	154			10.9649999999997	-0.000409131824631243		0.423999999999978	infill_ei	0.922000000000025	0.00562699798413006	0.924273693034372	174
1961	0.208323087597265	0.734995016973567	10	313	0.925363558619487	160			19.3870000000002	-0.000324863313145195		0.637000000000171	infill_ei	0.951000000000022	0.00277755174055084	0.928032676703033	180
2012	0.0101264372930563	0.974242038424617	843	717	0.925277458663741	168			23.8040000000001	-0.000310060184326081		0.431999999999789	infill_ei	0.952000000000226	0.00348742482715876	0.926930075699223	188
2048	0.0976250886982394	0.774704537251693	2015	630	0.925256911464693	241			24.4970000000003	-0.000340968802637009		1.1889999999994	infill_ei	1.14800000000014	0.00203744235168513	0.929065430315149	261
1835	0.147085539765194	0.953124557966852	837	410	0.925250945096204	216			26.1409999999996	-0.000374537183955783		0.63799999999992	infill_ei	1.09799999999996	0.00203274275557914	0.929189799079675	236
1621	0.0100888133504596	0.993564213391525	1369	1051	0.925138777100814	291			15.4960000000001	-0.000381478255870061		1.17000000000007	infill_ei	1.28499999999985	0.00388173774024624	0.926758317488845	311
2047	0.15758468166868	0.466914969009508	940	141	0.925129451642198	147			36.4369999999999	-0.000636762351245781		0.498999999999796	infill_ei	0.908000000000357	0.003472540159893	0.92839457159706	167
1147	0.0781040302129002	0.998855105606461	24	1	0.925052201879286	109			15.3989999999999	-0.00119142540098645		0.304999999999836	infill_ei	0.788000000000011	0.00560905790958073	0.927407528205509	129
2048	0.127516403281866	0.973802592777826	1445	677	0.925034690628127	106			26.4769999999999	-0.00133247258769104		0.284000000000106	infill_ei	0.788000000000011	0.00693944477890556	0.926352049565564	126
1932	0.0159740334295685	0.101330073883998	1699	314	0.925028586323665	12			26.351	-0.0151780465318107		0.0579999999999927	infill_ei	0.483000000000004	0.047196796455804	0.917084275194054	32
1977	0.103401063334993	0.374470327340492	89	709	0.924901083470712	0			25.473				initdesign				16
1111	0.155176332087642	0.430971162213232	1481	766	0.924898218581139	14			16.0360000000001	-0.0139799352000629		0.0520000000000209	infill_ei	0.490999999999985	0.0247915505331675	0.932351056786206	34
1564	0.231385343276458	0.737146095105678	1824	956	0.924717394899296	72			17.7369999999999	-0.00277770556379398		0.144000000000005	infill_ei	0.688000000000102	0.00838354040899962	0.928750876539305	92
1722	0.0105828642359092	0.12887021212758	798	603	0.924682531256722	51			21.876	-0.0042889377087668		0.1099999999999	infill_ei	0.621999999999844	0.0139851741377806	0.927148984424413	71
838	0.222816390144568	0.33854987354731	76	324	0.924542067893518	277			12.7349999999997	-0.000118764759744672		1.16100000000006	infill_ei	1.25700000000052	0.0026382032670673	0.926854093360952	297
1231	0.264002544441852	0.439247284191436	24	208	0.924491647230148	223			16.9120000000003	-0.000543371036238376		0.788000000000466	infill_ei	1.10099999999966	0.00204856204308294	0.929675027391875	243
794	0.29990016440346	0.793673921476085	9	128	0.924486301452428	95			8.28500000000008	-0.00170674604748612		0.844000000000051	infill_ei	0.83199999999988	0.00843417603556856	0.925859879842999	115
1337	0.0984802887072537	0.774109686770457	1830	752	0.924485412127382	248			14.8150000000005	-0.000191079868415382		1.04600000000028	infill_ei	1.17999999999938	0.00235334091291962	0.927912623502185	268
2041	0.0703686650644483	0.99996911238302	272	984	0.924463249459325	81			21.3710000000001	-0.00243558975932732		0.171999999999798	infill_ei	0.70699999999988	0.0105032939475958	0.92579600164309	101
1618	0.102184689826479	0.968461618162083	1099	1352	0.924457658475063	197			15.404	-0.000146451848298468		0.726999999999862	infill_ei	1.0329999999999	0.0037933699146275	0.925076149167957	217
2046	0.237985006071339	0.749739976053463	1669	208	0.92436269515769	93			29.4759999999999	-0.00167780608804465		0.222999999999956	infill_ei	0.747000000000071	0.0072970576085641	0.927023614131227	113
2045	0.0119305291236945	0.955907440684778	1822	847	0.924345774033014	36			22.189	-0.00693523492046141		0.0779999999999745	infill_ei	0.571999999999889	0.0257661949533839	0.921059472888643	56
2043	0.10576183512178	0.516515244420922	2019	990	0.924344361624571	116			29.1289999999999	-0.00109895982507947		0.284000000000106	infill_ei	0.807999999999993	0.00550755167980978	0.927230430572069	136
2048	0.0876428475955792	0.823759203339348	90	101	0.924297023069037	215			34.7600000000002	-0.000480745222459852		0.671999999999571	infill_ei	1.08100000000013	0.00160442180299381	0.92994895824434	235
1572	0.061347817580842	0.101899426179887	1990	1008	0.924190744206436	3			16.763	-0.0246584331706453		0.0380000000000109	infill_ei	0.451000000000022	0.0725100902836679	0.915920059195328	23
2046	0.0531870696538952	0.153062808059782	2022	730	0.924171152134271	78			25.1600000000001	-0.00258490537019984		0.155999999999949	infill_ei	0.696999999999889	0.00860992842672621	0.928093723735131	98
1123	0.0792886359226656	0.830442358864892	1018	857	0.924140243490401	89			12.4069999999999	-0.00199996632839789		0.199999999999818	infill_ei	0.725000000000136	0.0071530913147083	0.928043657691758	109
1260	0.158636412675516	0.206864913194008	73	438	0.924119772602342	117			17.2490000000003	-0.000969941874502606		0.329999999999927	infill_ei	0.811000000000149	0.00423426322984304	0.928242675643951	137
2048	0.18287386224732	0.806884694167967	887	1128	0.924098346292977	10			21.582	-0.0166194744962555		0.0509999999999877	infill_ei	0.481999999999971	0.0398648756005872	0.926312529323239	30
1160	0.264028711074958	0.771255525320838	1039	508	0.923828654199285	140			16.9150000000004	-0.000771879100926692		0.422999999999774	infill_ei	0.878000000000156	0.00424467598124771	0.927604650939586	160
2042	0.201020165380895	0.27941948685065	1291	497	0.92380215659357	43			29.2259999999999	-0.00732789679336266		0.0789999999999509	infill_ei	0.586999999999989	0.0123142460591704	0.932878862169283	63
2048	0.0446489445324763	0.72034824645072	1508	1264	0.923784443920191	73			20.596	-0.00257303865567599		0.151000000000067	infill_ei	0.695999999999913	0.00974856616466882	0.926956427528174	93
214	0.296873555987314	0.999866564743829	2048	527	0.923733450957337	297			3.00799999999981	-8.3432191013664e-05		1.56899999999951	infill_ei	1.29299999999967	0.00630339031567621	0.91876319526929	317
1092	0.187049919230947	0.953102065496129	1456	971	0.92372935217693	207			11.5910000000004	-0.000119554927567782		0.841000000000349	infill_ei	1.05199999999968	0.00287101664443399	0.926445835895083	227
1900	0.230088555100371	0.999982224940556	1949	497	0.923711329570955	261			24.8650000000007	-0.000215406669741732		0.813000000000102	infill_ei	1.19399999999951	0.00326966275604528	0.926633999271892	281
2036	0.287011044400424	0.637755371642488	2045	581	0.92368694980937	6			28.277	-0.0216115257441126		0.0539999999999736	infill_ei	0.47399999999999	0.0568996553921597	0.922690521251246	26
945	0.0518985190501884	0.954753532273168	1173	1550	0.923680329034298	0			9.34799999999998				initdesign				9
1240	0.231021762574796	0.446990364707074	1507	117	0.923535231745761	0			22.411				initdesign				7
1873	0.288253570698781	0.868950040221504	2048	1016	0.923458241150782	293			19.732	-0.000169028369869163		1.43199999999979	infill_ei	1.28099999999995	0.00257227250961354	0.927412133166584	313
970	0.25445827860211	0.580330044950925	1471	1105	0.923445851927344	187			11.4450000000002	-0.000118675522369135		0.53899999999976	infill_ei	1	0.00368230519511014	0.924928901558953	207
2048	0.185405339182731	0.896805546679632	16	791	0.923433781134043	122			24.5479999999998	-0.0008739267685637		0.390000000000327	infill_ei	0.828999999999724	0.00512208132911138	0.926916193339376	142
2048	0.299615971994755	0.935573223625866	30	1028	0.92341061805449	104			22.9650000000001	-0.0019231078261294		0.329999999999927	infill_ei	0.784000000000106	0.00875187887189132	0.926176016095267	124
1959	0.0105507150465811	0.909258956623034	41	1195	0.923361693008553	259			18.241	-0.000240200208495833		1.38499999999931	infill_ei	1.20800000000054	0.00525695619440142	0.923472586466761	279
345	0.21409741009757	0.497258225852309	2048	1019	0.923260900577589	260			4.33500000000004	-0.000204206894012444		1.06800000000021	infill_ei	1.21499999999924	0.00409586841020531	0.925149431293406	280
1286	0.292115207306648	0.998159967462373	2048	1163	0.923158877273978	54			14.4650000000001	-0.00358921000833324		0.146999999999935	infill_ei	0.631999999999835	0.0178883404097286	0.921173366608886	74
1964	0.182783898305213	0.995455484695201	2048	1061	0.923147988779483	172			20.8469999999998	-0.000276540962457523		0.611000000000331	infill_ei	0.978000000000065	0.00416303728623206	0.925650251703014	192
628	0.281857763335966	0.99969526901089	406	172	0.923037778371644	294			11.4449999999997	-0.000396746924067162		1.19200000000001	infill_ei	1.30299999999988	0.00334229482099208	0.927600088728419	314
1084	0.101488606949348	0.804540314140972	303	1596	0.923028865269238	128			11.317	-0.000774750037760724		0.376999999999953	infill_ei	0.851999999999862	0.00428533710836795	0.92756652390197	148
947	0.199015329484695	0.726533472919165	2014	1345	0.923016210972676	164			10.3049999999998	-0.000271040858448434		0.619999999999891	infill_ei	0.942999999999756	0.0046986338770007	0.924723264974633	184
1990	0.0197299965084712	0.186706726772735	1007	1667	0.922987709169849	20			21.746	-0.0125738773579717		0.0650000000000546	infill_ei	0.519000000000006	0.0366887524152765	0.922018910126823	40
1946	0.0338311818789592	0.149574709603826	16	1369	0.922963424712329	272			17.6300000000001	-0.000310786059229856		1.95600000000013	infill_ei	1.23399999999947	0.00591513098650504	0.923011519716169	292
2040	0.0556310673459454	0.732192574283789	15	1531	0.92290551951003	45			19.8809999999999	-0.00563542143012724		0.0930000000000746	infill_ei	0.607999999999947	0.0186887378816145	0.924651090320324	65
1867	0.0581843453769662	0.998016734301744	776	1683	0.922821692332414	87			18.7260000000001	-0.00188909953583658		0.239000000000033	infill_ei	0.730999999999995	0.00731478739549699	0.927594162953808	107
263	0.299757756753337	0.763346164063532	555	320	0.922820028870209	226			4.48199999999997	-0.000316913346392992		0.766999999999825	infill_ei	1.10900000000038	0.00474541214361823	0.925012842533135	246
1926	0.218463223883344	0.435044641729552	2046	1346	0.92280600493733	32			25.622	-0.00761259370473735		0.0769999999999982	infill_ei	0.538000000000011	0.0208224410418638	0.927200302016969	52
165	0.0879940689982069	0.654125282060834	275	1790	0.922805452740059	0			2.15499999999997				initdesign				19
943	0.27008886367758	0.999658715723102	1495	361	0.922730712699549	40			15.9699999999999	-0.00857231377981804		0.0790000000000646	infill_ei	0.586999999999989	0.0178988073869311	0.931329191550497	60
364	0.19057099865239	0.65893547652087	1159	1477	0.92270635909613	108			3.98300000000017	-0.00099326612036789		0.268999999999778	infill_ei	0.797000000000026	0.00591128371054896	0.926392571039873	128
1748	0.134174761307277	0.283395390845733	1374	900	0.922693897876968	298			18.6000000000004	-0.000146864570747499		1.82799999999952	infill_ei	1.31900000000041	0.00266522973094096	0.92707616586125	318
2038	0.0104799845845028	0.147427461853282	2037	1481	0.922610774421992	111			20.982	-0.00148468072010278		0.284000000000106	infill_ei	0.792999999999665	0.00829796022449143	0.925277762544806	131
2040	0.0749615015102232	0.100912534229393	353	1038	0.922581398378694	96			20.77	-0.00190277906393161		0.289999999999964	infill_ei	0.753999999999905	0.00898622602317952	0.925856310384175	116
1171	0.299879773159066	0.627593927645372	1736	521	0.922537292090622	256			15.6049999999996	-0.000247071906815		0.78400000000056	infill_ei	1.19300000000021	0.00293140929420387	0.927384150365033	276
91	0.299876638030946	0.720351571565989	1565	982	0.922530420492936	0			0.966999999999985				initdesign				12
2047	0.042315357133319	0.378978486736599	1666	1836	0.922517666905377	159			25.366	-0.00033909938969602		0.926000000000386	infill_ei	0.981000000000222	0.00560561777363051	0.923778309263011	179
2047	0.246636366749529	0.992659164086522	457	1280	0.922485095591494	219			19.1269999999995	-0.000138320104559729		1.08500000000004	infill_ei	1.08899999999994	0.00409016674291082	0.9244221700122	239
569	0.0556140788269963	0.767379665615351	9	1681	0.922471410071503	242			4.62899999999991	-0.000210383146896699		1.02199999999993	infill_ei	1.16899999999987	0.00421107739953826	0.925008756996603	262
1944	0.0716453886131065	0.854008515278608	2042	1665	0.922465486016308	50			20.317	-0.00423752843521215		0.123999999999796	infill_ei	0.62299999999982	0.0159058170692173	0.925167022585171	70
2042	0.27866469230559	0.353314671708653	53	1254	0.922454395972581	173			22.9569999999999	-0.000245010216038244		0.518000000000029	infill_ei	0.967999999999847	0.00557088701176491	0.922965241377447	193
684	0.287974877687916	0.100166371544775	8	274	0.922437172897511	146			6.58399999999983	-0.000600688492994112		0.476999999999862	infill_ei	0.910000000000309	0.00589008745175684	0.92504602189305	166
1219	0.0101044534714948	0.100750385273605	1483	793	0.922350234726187	214			12.5610000000006	-0.000232216626611305		0.904999999999745	infill_ei	1.08599999999933	0.0035299253165905	0.92633980487951	234
2044	0.110337064738647	0.999820596810809	1266	1609	0.922305428340527	240			17.442	-0.000350528235529043		0.681000000000495	infill_ei	1.14800000000014	0.00357313730985017	0.927036262071456	260
1251	0.249527206787048	0.322183666920525	2047	826	0.922262224626341	149			17.674	-0.000462841171914772		0.512000000000171	infill_ei	0.9050000000002	0.00478829815875929	0.925888702974117	169
605	0.158815220485236	0.998904925417344	202	1455	0.92226083434927	84			5.88499999999999	-0.00201021067893041		0.192000000000007	infill_ei	0.708999999999833	0.0110494498748539	0.923842683914902	104
1045	0.177850109477212	0.76826697243386	82	1	0.922254582042692	221			17.1859999999997	-0.000303453210059991		0.782999999999447	infill_ei	1.10100000000057	0.00287869653886891	0.927783357699274	241
497	0.299978700551143	0.570716248747169	1501	693	0.922245084742524	119			7.43100000000004	-0.00121503366512816		0.356000000000222	infill_ei	0.820999999999913	0.00564439287541602	0.927440804365076	139
348	0.27535446598301	0.999544286706577	839	1212	0.92222093372565	174			3.90200000000004	-0.000191231446348559		0.585999999999785	infill_ei	0.996000000000095	0.00594885700147175	0.921617446162521	194
1884	0.241155455474041	0.996526826631682	8	1707	0.922157883900528	23			17.924	-0.0106040307655006		0.0620000000000118	infill_ei	0.524000000000001	0.0346290084113629	0.921646537719998	43
1307	0.299804487896754	0.999614821215115	11	1356	0.922117408045839	193			11.6019999999999	-0.000150058207958471		0.588000000000193	infill_ei	1.02599999999984	0.00526743787683329	0.922331236654809	213
584	0.264285906098915	0.882094656227831	9	1906	0.92211414451323	133			5.69799999999987	-0.000606532928559872		0.373000000000047	infill_ei	0.864000000000033	0.0076955321145422	0.922034588377451	153
2045	0.29941213776799	0.544197538998188	653	725	0.922002429245505	231			27.9680000000008	-0.00024374330032685		0.654000000000451	infill_ei	1.12100000000009	0.00414506568531957	0.925419080194531	251
916	0.0860086940322489	0.394641287420549	29	1754	0.921953212280223	79			11.068	-0.00236333546159989		0.187999999999875	infill_ei	0.713000000000193	0.00948569354710167	0.926659753146253	99
1648	0.250567671264378	0.74056266921573	2018	1535	0.921890958214701	252			15.0290000000005	-0.000195992863550544		1.22900000000027	infill_ei	1.19799999999941	0.00425248144028946	0.924794038734245	272
258	0.123566818427355	0.308539901036883	985	1689	0.921799436372568	245			2.97900000000027	-0.000211622537257656		1.01299999999992	infill_ei	1.15000000000055	0.00426779377272506	0.924922229987835	265
1049	0.163193285578773	0.721743207248335	1378	1871	0.921770171530818	29			10.311	-0.00839941149319414		0.08299999999997	infill_ei	1.12099999999998	0.0186008682335548	0.93050966776334	49
1041	0.0342132039191538	0.648427230840896	735	2055	0.921703722305297	205			9.42299999999977	-0.000127997557565714		0.84900000000016	infill_ei	1.04800000000068	0.00443644694451176	0.923612625287904	225
1152	0.0617341316743516	0.335000577720411	1819	1503	0.921671801576203	180			13.009	-0.000203894584029264		0.619999999999891	infill_ei	0.987999999999829	0.00449829498735629	0.924440605408447	200
113	0.258849566748213	0.804623818744994	8	1566	0.921631422987815	218			1.38300000000072	-0.000214475299692827		0.979000000000269	infill_ei	1.09599999999955	0.00538431503357408	0.922963459454367	238
1541	0.298352699242645	0.318805553677284	916	278	0.921589808022495	61			23.7950000000001	-0.00281357454763738		0.133000000000038	infill_ei	0.651999999999816	0.00931278532756616	0.927984426682243	81
396	0.273633351100393	0.162120043599097	983	975	0.921494413299905	52			4.82500000000005	-0.0448181116151311		0.103000000000065	infill_ei	0.627999999999929	0.0487000922913438	0.968918305439548	72
1173	0.0141189801980719	0.994391443137434	11	1974	0.921451696610246	59			11.145	-0.00326915565056828		0.123999999999796	infill_ei	0.646999999999935	0.0169371963744081	0.921219875858632	79
2042	0.010039123025801	0.945078383695928	1457	2054	0.921426069423114	16			19.8970000000001	-0.0136022171446232		0.0550000000000637	infill_ei	0.497999999999934	0.0449005917937497	0.91663920992587	36
1993	0.293154486427319	0.999693510785697	1360	1429	0.921330427737013	85			20.818	-0.00265966591102217		0.205000000000155	infill_ei	0.730999999999995	0.0114721064250776	0.925410866630464	105
2044	0.299055998833802	0.107293961731664	1111	916	0.921321491455594	28			22.1470000000001	-0.00992372894605448		0.0670000000000073	infill_ei	0.541000000000054	0.0273077201793657	0.926628738240332	48
2047	0.262034037125921	0.100509225660555	17	627	0.921306175347068	80			22.7380000000001	-0.00291634363027545		0.169000000000096	infill_ei	0.701999999999998	0.00986456569500556	0.927713055083479	100
2047	0.0101200714433212	0.893339930591173	75	1799	0.921293893166682	183			16.7859999999996	-0.000240348282369474		0.679000000000087	infill_ei	0.987999999999829	0.00466807801733012	0.924502153100652	203
1112	0.29997122312733	0.996724334958719	371	743	0.921264867953379	26			13.2910000000001	-0.00854230305752052		0.0670000000000073	infill_ei	0.533999999999992	0.0266418796294451	0.92415686250598	46
2021	0.294680299021985	0.994971207605572	112	2114	0.921243704261487	175			17.531	-0.0002086871516649		0.492999999999938	infill_ei	0.978000000000065	0.00687674900811253	0.920088087014568	195
1901	0.299864700637475	0.999762365436203	1280	142	0.921215573340982	225			23.2579999999998	-0.000183379175003867		0.898000000000138	infill_ei	1.1260000000002	0.00413850464365705	0.924865045075851	245
2045	0.100237856902988	0.804948968066294	438	1995	0.921092618535934	65			18.5630000000001	-0.00383849211484523		0.1400000000001	infill_ei	0.667999999999893	0.0111238373855478	0.928698261364007	85
1813	0.295530185670938	0.984939864204587	978	1930	0.921090067550105	275			14.8209999999999	-0.000195761516791332		1.35699999999997	infill_ei	1.24200000000019	0.00538541194177871	0.92273689273569	295
1262	0.0674434147241066	0.97828308577934	1062	2105	0.921055324096029	267			10.4310000000005	-0.000116113585829445		0.815999999999804	infill_ei	1.21199999999953	0.0038576431342001	0.924556538447392	287
1232	0.22483251164569	0.100092387919596	1043	315	0.920989115494613	229			15.0969999999998	-0.000300355911307493		0.659999999999855	infill_ei	1.10800000000017	0.0036459151654205	0.926630265700964	249
711	0.0340190701003682	0.100730516971929	1113	1886	0.920980584847189	157			7.1210000000001	-0.000355841890884857		0.552000000000135	infill_ei	0.922000000000025	0.00835090379323579	0.919182942823136	177
354	0.221207715911629	0.453653219831224	1098	2057	0.92087388497391	105			4.48900000000003	-0.00111882912828756		0.269999999999982	infill_ei	0.774999999999636	0.00894439748463448	0.923000583671821	125
395	0.278380248600045	0.100392680372008	870	522	0.920822278879746	7			5.02199999999999	-0.0199430963240239		0.0510000000000446	infill_ei	0.483000000000004	0.0540357523831436	0.921592173959518	27
600	0.299825677806992	0.580562284315875	553	1562	0.920708979820866	37			7.04499999999996	-0.00669441351658686		0.0769999999999982	infill_ei	0.578999999999951	0.0202135972985007	0.925722427808912	57
370	0.283624420851376	0.434424472559312	2047	1639	0.920677110940334	246			4.43199999999979	-0.000203732935049979		0.898999999999433	infill_ei	1.1820000000007	0.00564962063103217	0.922345522758993	266
1371	0.133709420408441	0.100020133808957	1507	1609	0.920592338740698	66			13.9379999999999	-0.00412367512777995		0.121000000000095	infill_ei	0.661000000000058	0.0106812345717695	0.929675312966365	86
1576	0.233643664964486	0.999979580407931	2002	2047	0.920582623118149	198			14.0239999999999	-0.000108281087052229		0.755000000000109	infill_ei	1.03699999999981	0.0071499358784571	0.917596312261672	218
988	0.296998968968301	0.152817671172919	160	760	0.920522602968388	208			9.93900000000031	-0.000115996649655471		0.840000000000146	infill_ei	1.0649999999996	0.00444466169117723	0.923406580554756	228
959	0.153820898052794	0.111925571512799	2047	1753	0.920519008332863	255			8.40700000000015	-0.000338551203502574		0.79700000000048	infill_ei	1.18099999999959	0.00468646655208252	0.925265106113174	275
768	0.0715731468397583	0.864471247021348	304	2217	0.920487081380689	107			7.34799999999996	-0.00111715679425044		0.271000000000186	infill_ei	0.778999999999996	0.00805655238431415	0.924171700861195	127
2048	0.182164409137679	0.106922436525335	1796	1181	0.920416680110982	192			20.317	-0.000148930465925252		0.876999999999953	infill_ei	1.09099999999989	0.00447156822832566	0.923843756409637	212
425	0.167298604834965	0.590887368139161	17	1945	0.920244467466274	178			4.25700000000006	-0.000157620521222735		0.659000000000106	infill_ei	0.980000000000018	0.00398956937758053	0.924848284371744	198
1949	0.2995905569103	0.541863555748937	2048	1762	0.920212710799743	5			23.889	-0.022049650959931		0.0659999999999741	infill_ei	0.468000000000018	0.0711131131928214	0.911212362308545	25
1942	0.0605416830451775	0.100352964700907	2048	2046	0.92012272842838	58			18.0070000000001	-0.00361341210225598		0.242999999999938	infill_ei	1.16300000000001	0.0192909317022498	0.9196390561697	78
2022	0.0110398603463936	0.266422008771896	8	2077	0.920046259483636	170			21.0350000000003	-0.000411897117041118		0.436999999999898	infill_ei	0.944999999999709	0.00825931422679459	0.919917273363089	190
976	0.241220191861569	0.103890952553729	13	1314	0.919908830951625	4			10.383	-0.0230239564168526		0.0520000000000209	infill_ei	0.463000000000022	0.066185259939354	0.917840602655657	24
1822	0.29994560619193	0.783514137897178	424	1	0.919801492878384	39			22.1840000000001	-0.0090984900989969		0.0810000000000173	infill_ei	0.579000000000065	0.0199553153999017	0.930808084864864	59
1012	0.0101985879039695	0.100502131432105	179	1677	0.919791550492937	262			8.01600000000053	-0.000181102930809201		0.78899999999976	infill_ei	1.20700000000033	0.00548109502742094	0.922367116840789	282
850	0.299086969999511	0.103801326813516	2047	1148	0.919641832077405	68			8.92699999999991	-0.00335709828207641		0.144999999999982	infill_ei	0.667000000000144	0.0138548578788423	0.924879897383506	88
581	0.205992069853246	0.102071444825226	859	1774	0.919320981446712	161			5.60599999999977	-0.000288635166589053		0.458999999999833	infill_ei	0.923999999999978	0.0057226616819003	0.923136298199735	181
1562	0.299924779226361	0.220179615039108	2030	2083	0.918970387137131	233			15.9250000000002	-0.000217932104528761		1.06800000000021	infill_ei	1.11799999999948	0.00654204642105854	0.920855921800991	253
2034	0.193162882067621	0.425977887680366	2048	2200	0.918797072398307	151			24.0390000000002	-0.00043219275740361		0.556999999999789	infill_ei	0.907999999999902	0.00729298230703303	0.921741896086576	171
1053	0.153912662389766	0.26143999260839	583	2187	0.918630713998855	0			11.439				initdesign				10
84	0.219314967064974	0.998429409217745	25	2	0.918367643801927	25			1.40999999999997	-0.00950400856436667		0.07000000000005	infill_ei	0.538000000000011	0.0396163183470997	0.913853876183128	45
1740	0.0104372305594519	0.543679955478064	1180	2361	0.918354085221228	75			20.548	-0.00236067777880593		0.169999999999845	infill_ei	0.687000000000126	0.0122386592065857	0.923637366774163	95
1318	0.231209111161372	0.999469992555084	18	2404	0.918193441283959	250			11.0910000000003	-0.000345054992900098		1.46000000000004	infill_ei	1.18299999999999	0.00666909929166242	0.922033441663626	270
2041	0.293189019423255	0.689467581999335	1823	2364	0.917779782138425	69			19.1300000000001	-0.0030952581098981		0.149999999999864	infill_ei	0.67899999999986	0.0180498642272222	0.919307186030026	89
2045	0.0307074162463171	0.934507466920312	308	2509	0.917752822519195	33			19.138	-0.00722813708601633		0.0729999999999791	infill_ei	0.559999999999945	0.0326465675598497	0.914701312186224	53
996	0.299787323477251	0.460220151991721	259	2408	0.917702059634051	181			10.5059999999999	-0.000210874644557221		0.562999999999647	infill_ei	0.985000000000127	0.00753181055781258	0.918849573352427	201
514	0.180840847653981	0.703297639404533	11	2480	0.917569170413775	77			5.09899999999993	-0.00244999942134613		0.168999999999869	infill_ei	0.688000000000102	0.0161798465174214	0.919186093781984	97
43	0.18728478963694	0.170453826239824	2024	1578	0.917550488382042	8			0.841000000000008	-0.0185994838691372		0.0480000000000018	infill_ei	0.475999999999999	0.0527458280746586	0.919819838200848	28
625	0.0722574703670232	0.510570160096649	1967	2407	0.917484287523888	0			7.56999999999999				initdesign				15
2038	0.298598693837801	0.101223047764785	149	1907	0.917298068587263	55			19.489	-0.00408712224061283		0.144999999999982	infill_ei	0.638999999999896	0.0223611911333157	0.917652392291861	75
928	0.202099883353476	0.99947140114586	1179	2588	0.916942784480688	145			8.47700000000032	-0.00039747845115724		0.353000000000066	infill_ei	0.882999999999811	0.0100150262938746	0.916638888714648	165
1944	0.299992208534856	0.998732745385603	11	2663	0.916872967159786	114			17.6239999999998	-0.00087657611088228		0.287000000000262	infill_ei	0.800999999999931	0.0150482808307487	0.912171946010629	134
42	0.299530621532552	0.129262641872211	1347	1364	0.916460664297109	153			0.822999999999865	-0.000372192613881738		0.507000000000062	infill_ei	0.923999999999978	0.0075025748334484	0.920849492780861	173
1811	0.0549821766844623	0.996654796037734	2041	1	0.916074008863396	31			75.4290000000001	-0.00810666000481914		0.0730000000000928	infill_ei	0.552000000000021	0.0323434031017367	0.917530816907864	51
877	0.0889158164243736	0.215747405822272	1383	2500	0.91565151358433	179			8.99500000000035	-0.000211662101793552		0.592999999999847	infill_ei	0.979000000000269	0.00637088916368438	0.921095305074702	199
2045	0.264004556886469	0.10715193135089	10	2403	0.915341825280094	234			17.1800000000003	-0.000176573296121409		0.825000000000728	infill_ei	1.13799999999992	0.00818780287433755	0.916938624021666	254
266	0.299694481760523	0.10115704735835	1994	2324	0.915198609720498	99			3.16799999999989	-0.00136323082028759		0.239000000000033	infill_ei	0.772999999999911	0.0156332036695803	0.914695950027477	119
48	0.288261886308317	0.101223470134924	9	1848	0.915072991164918	67			0.790000000000191	-0.00432187119878361		0.159000000000106	infill_ei	0.673000000000002	0.0179566753297766	0.923296174569323	87
1504	0.22249026137357	0.801372962588346	463	3047	0.91456196814277	0			11.708				initdesign				13
2043	0.0914963219080211	0.951482204675086	2030	2736	0.91450546344542	57			18.6089999999999	-0.0032717728205767		0.146999999999935	infill_ei	0.642000000000053	0.0204947920380216	0.916967317324488	77
2046	0.297315339399611	0.152229405917774	994	2942	0.91445386151208	278			17.9090000000006	-0.000306345538826913		1.58100000000013	infill_ei	1.3110000000006	0.0102084951552136	0.915091204570473	298
150	0.0100880535750165	0.912009469932536	1274	517	0.914217333676523	2			2.04599999999999	-0.025836107436223		0.0600000000000023	infill_ei	0.45799999999997	0.0757740676264437	0.915665854984846	22
552	0.0986781200028488	0.998088780180342	2047	3125	0.914057943081991	27			5.548	-0.00885320066095718		0.0769999999999982	infill_ei	0.550000000000068	0.0388411732461152	0.912808070189343	47
113	0.28641721262123	0.999800745963382	171	3172	0.913618033125667	123			1.39300000000003	-0.000849962810406671		0.369999999999891	infill_ei	0.826000000000022	0.0143795806062841	0.91306544057616	143
615	0.29246741998501	0.619374966910874	2041	2883	0.913526464791845	82			6.70900000000006	-0.00203286780786437		0.201000000000022	infill_ei	0.70900000000006	0.0175901550795831	0.915490057103951	102
692	0.0283277937621705	0.999986523635759	123	2844	0.913327741200722	236			6.09499999999935	-0.000135070115537453		0.853000000000066	infill_ei	1.13700000000063	0.00959617167117898	0.912970841701662	256
1958	0.281123819996345	0.408322519453106	2048	3132	0.913297687237888	206			20.0349999999999	-0.000138287335890253		0.806999999999789	infill_ei	1.05500000000029	0.00878505639086622	0.914827901281387	226
2039	0.232873323730951	0.10549391827619	2043	2708	0.91253260191849	30			19.254	-0.00858973148005244		0.07000000000005	infill_ei	0.541999999999916	0.0420872548418544	0.908433571891315	50
690	0.0859580694878255	0.524252253376346	514	3188	0.912464021755302	257			7.11499999999978	-0.000106944800879778		0.895000000000437	infill_ei	1.19399999999951	0.00831233303936142	0.914994384061951	277
2046	0.268548934221252	0.997791978896441	378	3389	0.91231220651039	171			16.0750000000003	-0.000243391249243299		0.639000000000124	infill_ei	0.966000000000349	0.00946510009856789	0.915562376349236	191
680	0.299856469022263	0.998125805870942	1295	3164	0.912115995051249	265			5.6260000000002	-0.000158488078056795		0.855999999999767	infill_ei	1.19899999999961	0.00692585478994752	0.919170770294397	285
2048	0.0108739708475271	0.993735956763324	1134	3140	0.912076937581923	134			17.7620000000002	-0.000681039007905739		0.307999999999993	infill_ei	0.860000000000127	0.0113242368200694	0.916750235391989	154
2001	0.298150508661775	0.982699427647281	1958	3557	0.911842032897649	24			17.7520000000001	-0.00996180540528612		0.0629999999999882	infill_ei	0.535999999999945	0.0454474573487953	0.908939265872976	44
1486	0.0428666613760969	0.999386226223075	15	3334	0.911823456024213	70			11.5409999999999	-0.00279544987279187		0.152000000000044	infill_ei	0.700000000000046	0.0221870311250123	0.912798735794241	90
1153	0.167755244179551	0.675631774395988	1602	3362	0.911781302351985	90			10.2810000000002	-0.00174463817458744		0.208999999999833	infill_ei	0.740999999999985	0.0123076904670011	0.921280331642036	110
8	0.252087358957579	0.997466490249322	8	546	0.911562671235282	63			0.44399999999996	-0.0034239038995019		0.134999999999991	infill_ei	0.65300000000002	0.0145521765278811	0.924335499159915	83
1945	0.0118279573729668	0.143297068613007	2021	2971	0.91155778775168	273			17.549	-0.000169783619485413		1.42799999999988	infill_ei	1.24000000000069	0.0112548088359632	0.910286696278345	293
2047	0.0103326307062343	0.344776995973117	1927	3388	0.911364308055951	11			22.86	-0.0159381815965539		0.0480000000000018	infill_ei	0.478999999999985	0.0641852942014899	0.902468756553222	31
248	0.268382824888715	0.353499907260523	1013	3306	0.911203597433079	0			2.364				initdesign				5
315	0.137694881399752	0.901255639212013	697	3610	0.910950591711236	0			2.53800000000001				initdesign				1
2043	0.187688300100942	0.367206441104105	39	3640	0.910705261977368	48			22.431	-0.00435327661080264		0.150000000000091	infill_ei	0.627999999999929	0.0300235720504722	0.909197820524948	68
509	0.170264185966573	0.100764261215599	2047	3126	0.910592928968835	135			5.07400000000007	-0.000601356613742213		0.402999999999793	infill_ei	0.869000000000142	0.0136549250306497	0.911988958676893	155
2044	0.0294781802794888	0.999516629104413	1084	3934	0.909813775814285	53			16.704	-0.00405297273480745		0.134000000000015	infill_ei	0.624000000000024	0.0323375841106146	0.904852989730329	73
1642	0.0106590717033774	0.999756392930416	2047	3587	0.909661231353147	182			13.0450000000001	-0.000250558870951613		0.791999999999916	infill_ei	0.992999999999938	0.0112416278832506	0.912112000904131	202
927	0.299925567809898	0.999597771942374	110	3847	0.909640714406685	91			7.2940000000001	-0.00173738699041326		0.182000000000016	infill_ei	0.728000000000066	0.020754808310239	0.909249957475209	111
2045	0.299862303588746	0.499441420002652	339	4073	0.909403875323977	196			20.6549999999997	-0.000134214591826425		0.797000000000026	infill_ei	1.02599999999984	0.0105659291964543	0.910792559187696	216
2043	0.0144807071111555	0.762279838875782	19	3834	0.909312936280054	284			14.1149999999998	-0.000195680857885975		1.01699999999983	infill_ei	1.29500000000007	0.00864712696689077	0.916364593884443	304
2034	0.299379549987145	0.100855820311	10	3188	0.908757845651715	130			18.904	-0.000849396690450612		0.298000000000229	infill_ei	0.856999999999971	0.0172935949769146	0.908092574525141	150
8	0.298843856380961	0.999972421950213	853	2314	0.908296764858921	9			0.435999999999979	-0.0176780843005892		0.0600000000000023	infill_ei	0.482000000000028	0.0602473345922982	0.910893362247019	29
2047	0.182951776168279	0.998997816624428	2045	4090	0.908150778274959	186			13.951	-0.000191788073115553		0.811000000000149	infill_ei	1	0.0115108899774283	0.91029200636048	206
2048	0.0110602333942847	0.100802029537519	690	3347	0.907241919424161	288			16.0209999999997	-0.000131307671392806		1.77800000000025	infill_ei	1.27999999999975	0.0108562852895422	0.910048869304074	308
990	0.0981532305230129	0.821107264407333	10	4218	0.907122048944823	184			7.02999999999975	-0.000128398055763548		0.594000000000051	infill_ei	0.999000000000251	0.0130859853150852	0.904838012013537	204
2048	0.274905196786422	0.99519622365572	21	4345	0.9060498770435	47			15.7429999999999	-0.00497761396223972		0.0880000000001928	infill_ei	0.611999999999853	0.0417909017011776	0.896302828595801	67
2002	0.299242378281556	0.112414255296277	2048	3642	0.905976524139498	176			17.2219999999998	-0.000267021041471203		0.538000000000011	infill_ei	0.988000000000284	0.0132214699876477	0.908363359627188	196
857	0.239663715015336	0.999241959712724	839	4368	0.905575638241208	220			5.94799999999941	-0.000286847584423301		0.63799999999992	infill_ei	1.10699999999997	0.0114507229205375	0.912342477497956	240
1426	0.191426638446106	0.766652803140176	1926	4653	0.905566222488469	0			9.773				initdesign				4
1584	0.252401674888457	0.20118434130129	1383	4135	0.905283532723152	0			16.237				initdesign				20
2040	0.0106617972012779	0.103944211498601	51	4065	0.903627445170022	156			18.8069999999998	-0.000348507924502462		0.394999999999982	infill_ei	0.938000000000102	0.0197418116498889	0.896451269288537	176
2048	0.0758018008471801	0.107666326230253	2041	4512	0.903546703790532	155			19.884	-0.000434713105577221		0.602000000000317	infill_ei	0.929999999999836	0.0179369072189349	0.901918137790591	175
890	0.299315650370394	0.16646560303365	21	4590	0.903137326700694	127			8.73799999999983	-0.000862166982991088		0.382999999999811	infill_ei	0.869000000000142	0.022414166014125	0.89906222066385	147
2043	0.0100218845473715	0.997171671784366	248	4592	0.90266632936839	238			14.2109999999993	-0.000235933584040515		1.23799999999937	infill_ei	1.14100000000053	0.0171475615038631	0.899181615310322	258
1751	0.122255601260733	0.302294793251743	813	4930	0.901966391801192	0			16.424				initdesign				2
2047	0.293372792343882	0.102306711067814	2033	5417	0.901936237031673	35			18.909	-0.007738579659654		0.0729999999999791	infill_ei	0.58400000000006	0.0469542592018067	0.899788612156515	55
873	0.22475217056506	0.482186784714092	8	5339	0.901819651133566	190			8.8439999999996	-0.000125345233608261		0.679000000000087	infill_ei	1.00800000000027	0.0129949397335294	0.904930987272833	210
974	0.146325682849551	0.227394303810788	2046	5422	0.901059534990091	254			8.69800000000032	-0.000146294149258821		0.810999999999694	infill_ei	1.1840000000002	0.012157810884544	0.907596929253354	274
1726	0.299987011310131	0.78622093961494	632	5143	0.900769223313866	101			13.6610000000001	-0.00133388888509588		0.27599999999984	infill_ei	0.768000000000029	0.021853858487132	0.904633581389167	121
10	0.221399242967713	0.370523890776764	2045	2633	0.900765693115183	230			0.479000000000269	-0.000130746442257702		1.07800000000043	infill_ei	1.11999999999989	0.00938473651624698	0.913314467621064	250
2048	0.155970780244308	0.825346049308307	193	5586	0.900498978631982	266			12.4929999999995	-0.000140294735156716		1.15400000000045	infill_ei	1.22900000000027	0.0149188802849707	0.901032080702945	286
2048	0.0888477975251447	0.372532924167515	2047	5760	0.899761080833162	211			20.2879999999996	-0.000102150541839764		0.82799999999952	infill_ei	1.07200000000012	0.0143107477065203	0.900758426350153	231
726	0.210761810569083	0.975081499675743	1241	5522	0.899623597673221	0			5.78899999999999				initdesign				18
848	0.280707207004735	0.585466403995994	362	5820	0.898033066066764	227			7.40800000000036	-0.000195614573540038		0.543000000000575	infill_ei	1.11200000000008	0.00971422943018376	0.914170022346676	247
110	0.298825993672908	0.104625002213806	9	5664	0.897842386451157	19			1.17200000000003	-0.0132931260060008		0.0610000000000355	infill_ei	0.509999999999991	0.0544603811696892	0.906677153029131	39
11	0.010167624134759	0.436960264635128	67	1119	0.897126732299953	22			0.447999999999979	-0.0101023466660024		0.0670000000000073	infill_ei	0.536000000000058	0.0377580287630143	0.917379001818649	42
2046	0.0103177093508673	0.82195629757034	2030	5272	0.896767665877588	76			16.74	-0.00250077838075463		0.163000000000011	infill_ei	0.698000000000093	0.0315530397426915	0.897576680139779	96
12	0.287446865998021	0.987550262589497	2045	3781	0.896277773165771	163			0.469000000000051	-0.000332316962261079		0.559000000000197	infill_ei	0.94399999999996	0.0175377576100092	0.900739643981124	183
1174	0.160909285017436	0.582848961699657	924	5982	0.896195783308556	0			9.43000000000001				initdesign				3
1081	0.202957445354628	0.100357712348897	222	6064	0.895790155805799	292			8.67799999999988	-0.000264084622044275		1.06700000000001	infill_ei	1.30199999999968	0.010729676703637	0.913392066160923	312
454	0.279036235054964	0.184282863140301	345	6587	0.89573651094307	0			4.17600000000002				initdesign				14
2030	0.284256358855	0.101685826193763	18	6246	0.895215563298906	44			19.22	-0.00703683478840299		0.08400000000006	infill_ei	0.61200000000008	0.0370664896962207	0.909124959578034	64
2035	0.23655898895812	0.978337953155878	8	6818	0.893692997564285	97			15.0729999999999	-0.00223475892777297		0.296000000000049	infill_ei	0.757000000000062	0.0257109638128085	0.904816323717505	117
13	0.26037121480002	0.999084905396677	30	4790	0.893598926594731	131			0.447000000000116	-0.000728643947444335		0.315000000000055	infill_ei	0.84900000000016	0.0235012419886879	0.895284391581169	151
1262	0.0110876385593656	0.101286223612903	1423	5549	0.892774032896353	125			11.2240000000002	-0.000768496799179305		0.315000000000055	infill_ei	0.833999999999833	0.0183975023540069	0.905296733024983	145
153	0.0103655933053622	0.11578001315128	9	2862	0.892695805550243	13			1.83600000000001	-0.0148002680896641		0.0530000000000541	infill_ei	0.532999999999959	0.0605225718909971	0.903244362428802	33
914	0.0121176082421938	0.124946312360427	1731	6125	0.891463856722818	0			8.21900000000002				initdesign				11
597	0.299644332235877	0.110345505692375	1198	5933	0.891246303381969	126			6.40099999999984	-0.000856746813375261		1.471	infill_ei	0.901000000000295	0.0151439966425872	0.911842206264007	146
1500	0.0122686486644889	0.990269855220228	49	6551	0.889838452464891	1			8.93400000000003	-0.0471000189979316		0.0450000000000159	infill_ei	0.44599999999997	0.0618627472586736	0.961394215879285	21
2047	0.038718378828159	0.776484175893148	8	6741	0.889144596287569	290			12.8980000000001	-0.000157454063505708		1.13599999999951	infill_ei	1.29799999999977	0.0114432375531559	0.909532917972432	310
33	0.298917997867113	0.893058747317844	19	6282	0.889042652535296	148			0.539999999999964	-0.000444742710251991		0.378000000000156	infill_ei	0.900000000000091	0.0226625118691645	0.892430696624795	168
1659	0.0100025921634671	0.128511823391349	8	6771	0.886075142580639	60			14.3389999999999	-0.0036687521636904		0.130000000000109	infill_ei	0.6400000000001	0.0303945625551657	0.905708778369138	80
1702	0.0289145463165421	0.860260376723986	149	7072	0.886014872812161	0			11.087				initdesign				6
14	0.259600911218593	0.102222565429944	12	3897	0.885837407848364	188			0.414999999999964	-0.000146065001564254		0.729000000000269	infill_ei	1.01399999999967	0.0162362849446779	0.898176773311047	208
18	0.299687665393271	0.10701119517179	2032	5079	0.885532029388108	74			0.547000000000026	-0.00236413627127933		0.197999999999865	infill_ei	0.699000000000069	0.0332130060963967	0.894036742141672	94
27	0.0102010550974898	0.994103205526501	1988	1825	0.881308401156054	64			0.770999999999958	-0.00334079987305803		0.129999999999882	infill_ei	0.65300000000002	0.0197719518225135	0.918111242352924	84
29	0.0100019341459945	0.418351070677922	2043	4310	0.879004733746729	34			0.720000000000027	-0.00691873382906623		0.0799999999999272	infill_ei	0.572000000000003	0.046326641474989	0.897416891941018	54
12	0.0600576727589868	0.100726957256613	17	6130	0.876243842617927	92			0.40300000000002	-0.00169049158779979		0.249000000000024	infill_ei	0.746999999999844	0.0256633853086053	0.901195058572535	112
8	0.0918989197600959	0.102554984297528	2044	2	0.855486413205209	38			1.98099999999999	-0.00612218418027313		0.08299999999997	infill_ei	0.584999999999923	0.0337061442488411	0.909953685503437	58
606	0.17259511026898	0.472796052372218	1810	7547	0.5	0			6.321				initdesign				8
1860	0.0658562397355209	0.60719232046418	1035	7816	0.5	0			14.538				initdesign				17
