Feature	Gain	Cover	Frequency
ctrx_quarter	0.127954676642458	0.0219286252447363	0.0222882615156018
mcaja_ahorro	0.0555035041003826	0.0140909628924174	0.022940600877034
mcuentas_saldo	0.0492667663031694	0.0228656189932296	0.0274888558692422
mpasivos_margen	0.0409805939772601	0.0174603456206585	0.019588301380785
mpayroll	0.0369350665942579	0.0173147407868766	0.00938643858949734
mtarjeta_visa_consumo	0.0368414070150044	0.0104325440579127	0.0149313231616714
cpayroll_trx	0.0343175032683557	0.00980976780258287	0.00373283079041786
mprestamos_personales	0.0314169190916376	0.0259053818295442	0.00788243395063966
mrentabilidad_annual	0.0240956157194597	0.0269525221553973	0.0283767622223028
ctarjeta_visa_transacciones	0.0194136693171498	0.0186207896216599	0.0159641938172725
cproductos	0.018701768870582	0.0130582210517018	0.0114521799006995
Visa_mpagominimo	0.0185047866034036	0.0153301278498062	0.0226687928097706
cliente_edad	0.0179672126615679	0.0294853765346266	0.0329431377523285
mcuenta_corriente	0.017629319982213	0.0149276182589177	0.0199688326749538
Visa_msaldopesos	0.0174125984201714	0.0145034559220525	0.0193527343891567
cprestamos_personales	0.0168255011258552	0.0088019213896086	0.00523683542927554
mautoservicio	0.0148638060528869	0.0150851933023222	0.0179936940528395
Visa_status	0.013439502419923	0.0103990929495037	0.00239191099191824
Master_fechaalta	0.0133215109717354	0.0173911000330639	0.0263291414489182
Visa_fechaalta	0.0133010310059118	0.0132026283890549	0.0232667705577502
Master_Fvencimiento	0.0129320211430376	0.0156019106340122	0.0250244627260537
Visa_mpagospesos	0.0128757443379493	0.0131063932832538	0.0206574131120212
Visa_Fvencimiento	0.0127192733975955	0.0168310378136219	0.0248794984235132
mactivos_margen	0.0125996561891538	0.0218904384896447	0.0229224803392165
mrentabilidad	0.0125003078429284	0.0147435461447889	0.0207842568767441
Master_status	0.0124751561759998	0.00590813221325907	0.00177581270612112
ccomisiones_mantenimiento	0.0118416457869224	0.0120971788851363	0.00623346500924147
numero_de_cliente	0.0113580765805717	0.0220568320787865	0.0247345341209727
mcomisiones_mantenimiento	0.0113260081990028	0.0127850723200663	0.0116877468923278
Visa_msaldototal	0.0112655009172526	0.00971443336624551	0.0153299749936578
Master_mfinanciacion_limite	0.0108539835773184	0.0149091368747255	0.0232124089442975
chomebanking_transacciones	0.0106424202420834	0.0165139845021996	0.0223063820534193
cliente_antiguedad	0.0104114050820259	0.0179163811962764	0.0216359221541695
ctarjeta_master	0.00980121590956642	0.000541571325919077	0.000797303663972747
mtransferencias_recibidas	0.00966441365531342	0.0142503759535963	0.0179030913637517
mcomisiones_otras	0.00954128802402567	0.0111972049610116	0.0193708549269742
mcomisiones	0.009016727754937	0.0120020455032192	0.0189540825571703
Visa_mfinanciacion_limite	0.00830382222561757	0.0114566847090209	0.0167796180190628
Visa_mconsumospesos	0.00811083392964918	0.00931800295461833	0.0185735512630015
mtransferencias_emitidas	0.0070719123870968	0.0139273684426874	0.0147682383213134
Master_mlimitecompra	0.00706683882105971	0.00978083566396444	0.0148588410104012
ccaja_seguridad	0.00694408990927426	0.0155909212439263	0.00318921465589099
Visa_mlimitecompra	0.00669606120872546	0.00919629167266601	0.0138622114304353
mcaja_ahorro_dolares	0.0063732066962473	0.0125290682324234	0.0133729569093611
ccomisiones_otras	0.00634828248967732	0.0160836159685846	0.0123038451781249
mcuenta_debitos_automaticos	0.0061892736238638	0.0163277714301901	0.011470300438517
Visa_cconsumos	0.00594875773274539	0.00858367342022479	0.0128293407748342
ctarjeta_debito_transacciones	0.00586244305237902	0.0135788181903125	0.0143152248758743
mttarjeta_visa_debitos_automaticos	0.00572834545144191	0.0095972797706444	0.0130830283042801
ctarjeta_visa	0.00557052218751705	0.00089387912239156	0.00052549559670931
ccajas_consultas	0.00525816895350396	0.012699225478804	0.0032798173449788
Visa_mconsumototal	0.00466968665753173	0.00537781110478187	0.0105461530098213
mpagomiscuentas	0.00438757208458465	0.0120600979293561	0.00873409922806509
ctransferencias_recibidas	0.00425764555130107	0.00900577019461696	0.00887906353060559
Master_msaldopesos	0.00413190927481512	0.00646195087786646	0.00724821512702497
Master_msaldototal	0.00407552494941405	0.00791944735090156	0.00737505889174791
ccallcenter_transacciones	0.00377822544119403	0.00947848106083425	0.00393215670641105
Visa_mconsumosdolares	0.00369154356677319	0.00718496227102748	0.00710325082448447
Master_mpagospesos	0.00348727386181751	0.0118427818743797	0.00770122857246403
ccaja_ahorro	0.00330702694409067	0.0119375634110613	0.00364222810133005
mextraccion_autoservicio	0.00317903222355402	0.00543490308851928	0.00780995179936941
Master_mpagominimo	0.00314671968686174	0.00704253151598169	0.00603413909324829
ctransferencias_emitidas	0.00313329901812391	0.0125761883244586	0.00712137136230203
internet	0.00309614405574562	0.0104841036489033	0.00338854057188417
tcallcenter	0.00306555515506737	0.00326216502473322	0.00217446453810749
thomebanking	0.00294861792938048	0.00271696996458408	0.00362410756351249
cdescubierto_preacordado	0.00281097339277416	0.0113644482767741	0.00257311637009386
ctarjeta_visa_debitos_automaticos	0.00239040288706101	0.00559436437558949	0.00541804080745117
cpagomiscuentas	0.00228391139925147	0.00500809579924699	0.00501938897546479
Master_fultimo_cierre	0.00216721166702833	0.0041809266693459	0.00425832638712717
cmobile_app_trx	0.00216335232205887	0.0029807017418868	0.00469321929474867
ctarjeta_debito	0.00214216164665804	0.00339322941265515	0.00445765230312036
ccuenta_debitos_automaticos	0.00214113473773654	0.00540990917128152	0.00496502736201211
matm	0.00199130295054821	0.00549494568172161	0.00534555865618092
Master_mconsumospesos	0.00193273473237271	0.00655524352505751	0.00491066574855942
cextraccion_autoservicio	0.00175230518971339	0.00350895592941515	0.00433080853839742
catm_trx	0.00173308411179361	0.00408754775894076	0.00318921465589099
mplazo_fijo_dolares	0.00165359919813629	0.0114747823237961	0.00273620121045193
tmobile_app	0.00163741627309231	0.0073414437414028	0.00148588410104012
Visa_fultimo_cierre	0.00161175554133785	0.00220048493225802	0.00349726379878955
ctarjeta_master_transacciones	0.00152247108855631	0.00227448926062414	0.00208386184901968
mtarjeta_master_consumo	0.00151747530013333	0.00265556957480708	0.00239191099191824
ccajas_transacciones	0.00136517774056201	0.00250210663768732	0.00110535280687131
Master_mconsumototal	0.00134135189804896	0.00433114556622522	0.00329793788279636
Master_cconsumos	0.00130790226411546	0.00168848354935138	0.00268183959699924
Visa_mpagado	0.000932284525933779	0.00451359973566126	0.00217446453810749
matm_other	0.000758663544237834	0.00323823003939136	0.00199325915993187
Visa_msaldodolares	0.000699203988519873	0.00347273488882432	0.00168521001703331
catm_trx_other	0.00066324920788802	0.00812197775513381	0.00230130830283043
Visa_mpagosdolares	0.000648434636951445	0.00384609634344017	0.00168521001703331
mttarjeta_master_debitos_automaticos	0.000492431211064224	0.00600222704041744	0.00144964302540499
Master_mconsumosdolares	0.000424863235500381	0.000589997592448034	0.000996629579965933
cplazo_fijo	0.000412279354793473	0.00203139476862824	0.000652339361432247
cseguro_vivienda	0.000350096219173326	0.00211412051171113	0.000851665277425434
ccajas_otras	0.000327473580761146	0.00465362327156716	0.000942267966513246
cseguro_vida	0.000304932282291153	0.00278558454016379	0.000724821512702497
active_quarter	0.000280957512906096	0.000618383623789805	0.00059797774797956
tcuentas	0.000252624399244468	0.00476138232768637	0.000887906353060559
Master_mpagosdolares	0.000241764127749209	0.000240270900019453	0.000434892907621498
Visa_delinquency	0.00020911083284026	0.0000761065696860927	0.000217446453810749
cseguro_accidentes_personales	0.000168335760104465	0.000516989706090437	0.000398651831986373
ctarjeta_master_debitos_automaticos	0.00013648878948078	0.000146656973298732	0.000235566991628312
Master_msaldodolares	0.000130430969025338	0.000223073275470093	0.000199325915993187
ccajas_extracciones	0.000127732418449424	0.00333935701659356	0.000688580437067372
ccheques_depositados	0.000115773742974207	0.000665452093744088	0.000108723226905375
Master_madelantopesos	0.000104030020100449	0.0000310235121318964	0.000108723226905375
Master_cadelantosefectivo	0.0000936342942120416	0.000078797031032908	0.000108723226905375
Master_mpagado	0.0000783516644236408	0.000702463088019932	0.000271808067263436
Visa_madelantodolares	0.0000393140664971473	0.0000787705407545627	0.000126843764722937
cinversion2	0.0000362257786970056	0.000554543411453406	0.0000906026890878121
cinversion1	0.0000291998718530011	0.000554543411453406	0.0000906026890878121
Master_madelantodolares	0.000028552459822098	0.000019919330839865	0.0000724821512702497
mcheques_depositados	0.000020525941745181	0.000110908682290681	0.0000181205378175624
mtarjeta_visa_descuentos	0.0000193417946136533	0.00114750044345915	0.000199325915993187
minversion2	0.0000188897175588306	0.000225321552939913	0.0000543616134526873
Visa_madelantopesos	0.0000161892737675405	0.0000200300466185903	0.0000724821512702497
ctarjeta_visa_descuentos	0.0000149411860857081	0.000368026720099849	0.0000724821512702497
Master_delinquency	0.00000623321427003865	0.0000213620321528253	0.0000543616134526873
mcaja_ahorro_adicional	0.00000469114273112962	0.0000742121751654495	0.0000181205378175624
Visa_cadelantosefectivo	0.00000108486463142289	0.0000275709458542236	0.0000543616134526873
