Feature	Gain	Cover	Frequency
ctrx_quarter	0.142994883590284	0.0207858617597587	0.0219205922915003
mcaja_ahorro	0.0728335099742403	0.0165181239832366	0.0241162807577847
cpayroll_trx	0.0407689888510172	0.0106636301203664	0.00361109094868259
mpasivos_margen	0.0384672611926241	0.0185514502803329	0.0221564927052334
mprestamos_personales	0.0337877769046705	0.0261711914796539	0.00892792335051172
mpayroll	0.0333099848724014	0.0165811355877851	0.00952674747768019
mtarjeta_visa_consumo	0.0283076774572074	0.0088849084164989	0.0129200841983015
mcuenta_corriente	0.0275216421299766	0.0147221480030191	0.0194345648544676
mcuentas_saldo	0.0269416271503887	0.0235954261915468	0.0260216302533208
mrentabilidad_annual	0.0265322309468004	0.0281288225381137	0.0309392465703709
Visa_mpagominimo	0.0199370258984192	0.0161948701622594	0.0233541409595703
Visa_msaldototal	0.01779227226286	0.0103837736449407	0.0158416200914568
ctarjeta_visa_transacciones	0.0176901351273828	0.0184624842965961	0.0158960586484721
cliente_edad	0.0175732169934646	0.0313013240653794	0.0338426362778544
cprestamos_personales	0.0164381240355464	0.00907115292566872	0.00493576250272193
Visa_msaldopesos	0.0151124809695785	0.0149963308819691	0.0179284314437105
Visa_status	0.0150685829779553	0.0110649160854312	0.00254046599404805
cproductos	0.0143814762136621	0.0134739289499756	0.0121760905857589
Master_Fvencimiento	0.0138480087182989	0.0173788531618919	0.0276003484067649
mrentabilidad	0.0133583402538937	0.014329902190061	0.022029469405531
Master_fechaalta	0.0132053853984908	0.0174740248750913	0.0270196704652682
mactivos_margen	0.0131053372512316	0.021914115367618	0.0214487914640343
Visa_fechaalta	0.012398930727333	0.0133798384712762	0.0231545329171808
ctarjeta_master	0.0120107592410573	0.000497576243522267	0.000852870726573274
Master_mfinanciacion_limite	0.0119930987573183	0.0136215659892164	0.0214306452783625
numero_de_cliente	0.0116167598475802	0.0204065480001147	0.0255679756115265
Visa_Fvencimiento	0.0114869729989169	0.0167509579571379	0.0225920011613559
chomebanking_transacciones	0.0111113049736127	0.017597014111674	0.0232089714741961
mcomisiones_mantenimiento	0.0107103173505741	0.013193105268547	0.0123212600711331
mcomisiones_otras	0.0106413913243494	0.011473915942582	0.0203055817667126
Master_status	0.010116251930911	0.00522550520627715	0.00168759526747478
cliente_antiguedad	0.00996607126444985	0.0169661202289406	0.0205051898091021
mcomisiones	0.00983925745762683	0.0125477555588319	0.0197611961965595
Visa_mpagospesos	0.00960558937244926	0.0133986938977741	0.0205233359947739
mtransferencias_recibidas	0.00958784560095885	0.0136577503535803	0.0183457937141613
mautoservicio	0.00851266676245185	0.013211402769898	0.0167489293750454
ccomisiones_mantenimiento	0.00773630879680523	0.0113303452409994	0.00606082601437178
Visa_mfinanciacion_limite	0.00766619380970075	0.00929142543887183	0.0157327429774261
mcaja_ahorro_dolares	0.00751068970726198	0.0123658448112959	0.0139544167815925
Visa_mconsumospesos	0.00750955583911069	0.00862109466464069	0.016621906075343
mtransferencias_emitidas	0.00696928824305664	0.0152761588502704	0.0151520650359294
ccaja_seguridad	0.00678970858181449	0.0161658981003421	0.00306670537852943
Master_mlimitecompra	0.00633978681054016	0.00877603903007583	0.0136096392538288
mcuenta_debitos_automaticos	0.00633870941717901	0.0156784866828541	0.0111236118167961
Visa_cconsumos	0.00629055382438861	0.00841165689489279	0.0133918850257676
ccomisiones_otras	0.00613964549585679	0.0177884570985814	0.0122305291427742
ctarjeta_debito_transacciones	0.00612952851919404	0.011861490659602	0.0142629019380126
Visa_mlimitecompra	0.00609129303144856	0.00898320912596018	0.0136459316251724
ccajas_consultas	0.00543519349041842	0.0129806158790175	0.00317558249256006
mttarjeta_visa_debitos_automaticos	0.00515043242488703	0.00967314397807246	0.0119946287290412
Visa_mconsumototal	0.00497347385615113	0.00564417237226918	0.0109784423314219
ctransferencias_recibidas	0.00453795572516782	0.0100792374660273	0.00987152500544386
mpagomiscuentas	0.00450248308251407	0.0136880758251605	0.00910938520722944
Master_msaldototal	0.00404693918379907	0.00784821426194623	0.00711330478333454
ccallcenter_transacciones	0.00380707419647472	0.00982942342716207	0.00379255280540031
Master_msaldopesos	0.00378121061663472	0.00728702572804212	0.00745808231109821
Visa_mconsumosdolares	0.0037681576789337	0.00794941183822871	0.0077847136531901
Master_mpagospesos	0.00345477297041438	0.011967178107961	0.00762139798214415
mextraccion_autoservicio	0.00338088026567962	0.00545651676044676	0.00834724540901503
ctransferencias_emitidas	0.0031208485342976	0.0114198467514284	0.00673223488422734
ccaja_ahorro	0.00305171806213327	0.0104886615363372	0.00324816723524715
Master_mpagominimo	0.00302981149082158	0.00705546032117193	0.00580677941496697
tcallcenter	0.00297042110747516	0.00372934068849177	0.00250417362270451
internet	0.00294127505049353	0.0100535851266083	0.00348406764898018
cdescubierto_preacordado	0.00275618246758302	0.0102080482646357	0.00248602743703274
thomebanking	0.00258991237083873	0.00280222181105899	0.0035385062059955
cextraccion_autoservicio	0.00254557180685568	0.00425496115490962	0.00511722435943965
ctarjeta_visa_debitos_automaticos	0.00252064361351421	0.00626783359032438	0.00567975611526457
cmobile_app_trx	0.00233494807271967	0.00316134166684541	0.00486317776003484
Master_mconsumospesos	0.00232360559209899	0.00591817945728596	0.00531683240182914
ctarjeta_visa	0.00224911778405334	0.00064371055006819	0.000562531755824926
cpagomiscuentas	0.00223379081283462	0.00434289409476128	0.00457283878928649
mtarjeta_master_consumo	0.00218109110041265	0.00246690676154087	0.00248602743703274
matm	0.00217953505931919	0.00629099155636761	0.00515351673078319
ctarjeta_debito	0.00203239908208547	0.00357178995740681	0.004373230746897
Master_fultimo_cierre	0.0019707001921465	0.00472757465992436	0.00404659940480511
mplazo_fijo_dolares	0.00174967078384434	0.0118467728385732	0.00303041300718589
ccuenta_debitos_automaticos	0.00174163023454438	0.0045074331437448	0.00440952311824055
tmobile_app	0.00159748300719885	0.00729283982391616	0.00145169485374174
Visa_fultimo_cierre	0.00153575045802462	0.00201360819071799	0.00333889816360601
Master_cconsumos	0.00116578861938437	0.00140208693516607	0.00244973506568919
ccajas_transacciones	0.00116221811595101	0.00189031012695541	0.00090730928358859
Master_mconsumototal	0.00113863788178598	0.00257267362260319	0.00263119692240691
ctarjeta_master_transacciones	0.00100583185013124	0.00187740047209617	0.00146984103941352
catm_trx	0.000927495637407614	0.00443912803771119	0.00259490455106337
Visa_mpagado	0.000837021181791415	0.00436118412996065	0.00219568846628439
Visa_mpagosdolares	0.000810264011036109	0.00402496703358091	0.00203237279523844
matm_other	0.000807627975146173	0.00355653185849853	0.00205051898091021
catm_trx_other	0.000738021523704338	0.00586004324973295	0.0019960804238949
Visa_msaldodolares	0.000666939204912293	0.00325241582029795	0.00156057196777237
mttarjeta_master_debitos_automaticos	0.000440444851776971	0.00620146629000176	0.00150613341075706
Master_mpagosdolares	0.000405998565321526	0.000232570622372112	0.000580677941496697
cseguro_vivienda	0.00038905688774733	0.00322574469055591	0.00108877114030631
cplazo_fijo	0.000349801401978278	0.00160134562531754	0.000562531755824926
ccajas_otras	0.000336232923604393	0.00429446727799489	0.000798432169557959
cseguro_vida	0.000305234017514208	0.0033305511330259	0.000816578355229731
Master_mconsumosdolares	0.000260968341409057	0.000256843081227064	0.000653262684183785
tcuentas	0.000230984031093118	0.00512385287348806	0.000925455469260362
cseguro_accidentes_personales	0.00018087562610525	0.000554250442843583	0.000381069899107208
active_quarter	0.000175236163580711	0.000523295099564654	0.000435508456122523
ctarjeta_master_debitos_automaticos	0.00013870511219394	0.00022219131416457	0.000235900413733033
Master_msaldodolares	0.000137369109894903	0.000283435477006772	0.000217754228061262
mcheques_depositados	0.000106309538498264	0.000557942115439766	0.000108877114030631
Visa_delinquency	0.0000954966109871665	0.000302618056692984	0.000290338970748349
ccajas_extracciones	0.0000908173663508777	0.00371181152201466	0.000671408869855556
Master_madelantopesos	0.0000819794575738647	0.000059428530521042	0.000181461856717718
Master_delinquency	0.0000730674312119065	0.0000628568515880245	0.000181461856717718
Master_mpagado	0.0000716957809042035	0.000344380315043878	0.00019960804238949
Master_cadelantosefectivo	0.0000680033806870387	0.000035877573407172	0.0000544385570153154
ccheques_depositados	0.0000606023562824611	0.000332482663097108	0.0000544385570153154
minversion2	0.0000374285300704853	0.000554137771828513	0.000090730928358859
ctarjeta_visa_descuentos	0.0000352405776650104	0.000927784722407377	0.000181461856717718
cinversion2	0.0000299154569232422	0.00044331021746281	0.0000725847426870872
cinversion1	0.0000296883722416407	0.000554137771828513	0.000090730928358859
Visa_madelantopesos	0.0000185028961514943	0.0000459806340054761	0.000090730928358859
mtarjeta_visa_descuentos	0.0000050930272303489	0.000193493463633371	0.0000362923713435436
Visa_madelantodolares	0.00000267596092905457	0.0000580907319023482	0.0000362923713435436
Visa_Finiciomora	0.00000232520043354697	0.000104841058263785	0.0000181461856717718
Master_madelantodolares	0.00000127582835291199	0.00000808176973758862	0.0000181461856717718
Visa_cadelantosefectivo	0.000000000163325394023122	0.0000227398615535762	0.0000362923713435436
