Feature	Gain	Cover	Frequency
ctrx_quarter	0.146409369395526	0.0196467246165956	0.0212209777261423
mcaja_ahorro	0.0611056854342048	0.0153734597268123	0.0231270535698078
cpayroll_trx	0.0407094643434404	0.00960690035352708	0.00339463031205185
mpayroll	0.0391821902889197	0.0158915614789562	0.00855011164158513
mcuentas_saldo	0.0351097646758287	0.0216672654805233	0.0256866411313014
mprestamos_personales	0.0340992840003025	0.0249842602158993	0.00831412129903607
mcuenta_corriente	0.0291938959170176	0.0157055704836541	0.0219652549603355
mrentabilidad_annual	0.0277475162092495	0.0311867246720878	0.0336013941583314
mpasivos_margen	0.0261286671042045	0.0177258441122838	0.0232178190861728
mtarjeta_visa_consumo	0.0223098564696564	0.00878995591224317	0.0135603681449344
Visa_mpagominimo	0.0208386432641647	0.0160309458202317	0.0231270535698078
Visa_msaldototal	0.0191414497670468	0.00980925951082756	0.0166100894947991
ctarjeta_visa_transacciones	0.0190879795185893	0.0169329794801672	0.0152849129558698
cliente_edad	0.0170013831752953	0.0313414436837502	0.032185452103037
cproductos	0.0150998835612312	0.0114455705541442	0.0107466371376187
Master_fechaalta	0.0149346886907732	0.0190947480635479	0.0296077114382704
mcomisiones_mantenimiento	0.0148126111015261	0.012939220896895	0.0106377185179806
cprestamos_personales	0.013775689661611	0.0111435176328156	0.00557300270481239
Master_Fvencimiento	0.0135432212971763	0.0164468505225974	0.0260497031967615
mactivos_margen	0.0134215056857191	0.0228661996016299	0.0223464701290686
Visa_mpagospesos	0.013312137175267	0.0126538190524847	0.0192059832628388
mrentabilidad	0.0132203950725868	0.0142859995379693	0.0216929584112404
Master_status	0.0131700980577745	0.0039931545769611	0.00130702343565633
Visa_msaldopesos	0.0130683894025539	0.0150136308067597	0.0179897253435475
Visa_fechaalta	0.0127829932163345	0.0129493594768716	0.0227458384010747
Visa_status	0.0124742711352163	0.0116417621661886	0.00272296549095068
Visa_Fvencimiento	0.0116006661845581	0.0158896056165333	0.0232541252927188
mautoservicio	0.0115609589475278	0.0132171197012822	0.0156116688147839
chomebanking_transacciones	0.011127277535421	0.0187754741451247	0.023962096320366
numero_de_cliente	0.0106962894081714	0.0212419741383177	0.0235445749450869
mtransferencias_recibidas	0.0106959998063256	0.0137192452819796	0.019932107393759
cliente_antiguedad	0.0105791142961402	0.0178358352976775	0.0216929584112404
Master_mfinanciacion_limite	0.00984807782179329	0.0137549355104302	0.0213480494490533
Visa_mfinanciacion_limite	0.00951470375491591	0.0116647362211384	0.0188610743006517
mcomisiones	0.0089721593769113	0.0126406958905326	0.0188973805071977
mcomisiones_otras	0.00881977748862816	0.0116370221482638	0.0190244522301087
ctarjeta_master	0.00854738319443686	0.000407863101410567	0.000671664821101167
Visa_mconsumospesos	0.00792066010212424	0.00839617379317647	0.0176811225879064
ccomisiones_mantenimiento	0.00787396818037175	0.0124690381149729	0.00626282062918656
Master_mlimitecompra	0.0076515891709273	0.0109551003864284	0.0165919363915261
ccaja_seguridad	0.00701255331355899	0.0153377265498316	0.00310418065968377
ccomisiones_otras	0.00669548842676842	0.0172597066728565	0.0127797847041952
mcaja_ahorro_dolares	0.00665715749973883	0.0133856599589403	0.0137237460743914
mcuenta_debitos_automaticos	0.00651477222105864	0.0150175629832864	0.0103654219688856
Visa_cconsumos	0.00651102490022846	0.00843523173175924	0.0138326646940294
Visa_mlimitecompra	0.0063905472664529	0.00897712696953693	0.0135422150416614
mtransferencias_emitidas	0.00613661995938704	0.0153223312061245	0.0133606840089313
mttarjeta_visa_debitos_automaticos	0.00556761769895957	0.00916899100588927	0.0127071722911032
ctarjeta_debito_transacciones	0.00530550097631989	0.0117307037998112	0.0141231143463975
Visa_mconsumototal	0.00487743227260567	0.00549976446821618	0.0105106467950696
ccajas_consultas	0.0047966439976165	0.0135188310795388	0.00317679307277579
Master_msaldototal	0.00424186700565718	0.00797439809492865	0.00731570061902082
ctarjeta_visa	0.00414334336871954	0.000935436027009008	0.000707971027647176
ctransferencias_recibidas	0.00412372486922162	0.0095189144951282	0.00911285784304827
ccallcenter_transacciones	0.00405231153092689	0.00939711382742309	0.00377584548078494
Master_msaldopesos	0.00378629899759532	0.00633314251687753	0.0068437199339227
mpagomiscuentas	0.00371603089181638	0.0131379846486819	0.008041824749941
internet	0.00371390798859265	0.00985297361544318	0.00328571169241382
Visa_mconsumosdolares	0.00352146491930011	0.00800325337160106	0.0072430882059288
Master_mpagospesos	0.0034672811120414	0.0115384729966469	0.00767876268448091
Master_mpagominimo	0.00328214981562042	0.00748593628228348	0.00648065786846261
ctransferencias_emitidas	0.00319768804104223	0.0115920468566554	0.00704340406992575
cdescubierto_preacordado	0.00297018023609086	0.0113635047756618	0.00272296549095068
mextraccion_autoservicio	0.00284311947707282	0.00581488874057178	0.00775137509757293
ccaja_ahorro	0.00281806515936661	0.00991031740197607	0.00294080273022673
cextraccion_autoservicio	0.00272965462488625	0.00331329502628958	0.00457458202479714
thomebanking	0.00269897305114158	0.00289678904450353	0.00366692686114691
tcallcenter	0.00256386504268224	0.00353417454414856	0.00210575997966852
cpagomiscuentas	0.00229218159230791	0.00510103849613773	0.0048287254706192
cmobile_app_trx	0.00228011117834865	0.00346163993071816	0.0048287254706192
matm	0.00227482838675975	0.00651827317813375	0.00557300270481239
Master_mconsumospesos	0.0022505069813044	0.00712391903236771	0.00533701236226333
ctarjeta_visa_debitos_automaticos	0.00218277688708574	0.00532047276187524	0.00517363443280629
ctarjeta_debito	0.00209224709536304	0.00341381503822873	0.00399368272006099
Master_fultimo_cierre	0.00203481825032606	0.00514661370372109	0.00452012271497813
ccuenta_debitos_automaticos	0.00202396636282758	0.00448267646840291	0.00439305099206709
mplazo_fijo_dolares	0.0017114165908183	0.012465765164296	0.00306787445313776
mtarjeta_master_consumo	0.00169527930208735	0.00304082273458485	0.00259589376803965
Visa_fultimo_cierre	0.0016397984455594	0.00239728332413769	0.00343093651859785
tmobile_app	0.00162811802681825	0.00765968353791502	0.00156116688147839
ccajas_transacciones	0.0015449138078679	0.00213058795058266	0.00108918619638027
Master_cconsumos	0.00140491393734999	0.00145336462158742	0.00275927169749669
Master_mconsumototal	0.00119846346724252	0.00425296318781278	0.00288634342040772
ctarjeta_master_transacciones	0.00115385986961234	0.00144711867822095	0.00143409515856736
catm_trx	0.00102960340086567	0.00317427540665799	0.00246882204512861
Visa_mpagosdolares	0.000985066208792468	0.00391188845920437	0.00190607584366547
Visa_mpagado	0.000852211064350504	0.00383576730265554	0.00196053515348449
catm_trx_other	0.000722952323217184	0.00608831885266833	0.0019968413600305
matm_other	0.000715481023171402	0.00305351232090045	0.00181531032730045
Master_mconsumosdolares	0.00057513582206336	0.000464797172601464	0.000925808266923231
Visa_msaldodolares	0.000535976686869605	0.00314520743250354	0.00136148274547534
mttarjeta_master_debitos_automaticos	0.000486351084930303	0.00671691012949875	0.00163377929457041
cplazo_fijo	0.000458399653764901	0.00171577264108965	0.000617205511282154
ccajas_otras	0.000364593948773074	0.00456062873212074	0.000907655163650226
cseguro_vivienda	0.000336950585432317	0.00367194524779594	0.00103472688656126
cseguro_vida	0.000299944162916127	0.00349574788078489	0.000798736544012199
tcuentas	0.0002998560257433	0.00447326392310048	0.000853195853831213
Master_mpagosdolares	0.000257752664698242	0.00029377339915166	0.000580899304736145
active_quarter	0.00016650244386761	0.000364249891754366	0.000453827581825113
cseguro_accidentes_personales	0.000131622983174478	0.000393463072843659	0.000326755858914081
ccajas_extracciones	0.000111117882527666	0.0028143271851331	0.000599052408009149
Master_mpagado	0.0000948099761359844	0.000160833382548031	0.000235990342549059
ccheques_depositados	0.0000941594002232076	0.000556572045760309	0.0000907655163650226
ctarjeta_master_debitos_automaticos	0.0000883016538829891	0.000119658013262765	0.000145224826184036
Visa_delinquency	0.0000813960272244743	0.000136549738293814	0.000127071722911032
Master_msaldodolares	0.0000572978037265759	0.000172478569689059	0.000145224826184036
Master_madelantodolares	0.0000438251560014908	0.000127565314846232	0.000145224826184036
cinversion2	0.0000435305049328879	0.000667886454912371	0.000108918619638027
Visa_cadelantosefectivo	0.0000428078770077245	0.00000727875325516624	0.000036306206546009
Master_madelantopesos	0.0000423496320361783	0.0000667481511629279	0.000108918619638027
cinversion1	0.0000418117513665618	0.000779200864064433	0.000127071722911032
Master_cadelantosefectivo	0.0000406633490074514	0.0000245365633754747	0.0000726124130920181
Visa_madelantodolares	0.0000404611150069935	0.0000785310462891144	0.000163377929457041
Master_delinquency	0.000029158799437437	0.000024305459380579	0.0000726124130920181
minversion2	0.0000265579050158064	0.000327633883878723	0.0000544593098190136
ctarjeta_visa_descuentos	0.0000221780231746303	0.000646275845360177	0.000127071722911032
mcheques_depositados	0.000020533383861031	0.000111148068813553	0.0000181531032730045
mtarjeta_visa_descuentos	0.0000169404698726586	0.000326291571884772	0.0000726124130920181
Visa_Finiciomora	0.00000681988522081272	0.00000575442130063297	0.0000181531032730045
cforex_sell	0.0000023251507751396	0.0000228997471756382	0.0000181531032730045
Visa_madelantopesos	0.00000141043531502714	0.0000201387702454684	0.0000726124130920181
