Feature	Gain	Cover	Frequency
mcaja_ahorro	0.0798637850262469	0.0146637353973195	0.0158433651584337
cpayroll_trx	0.0471519524669034	0.0160107753199963	0.00781790507817905
ctrx_quarter	0.0451798417987794	0.0147832626977307	0.0147364051473641
mpayroll	0.0451657158529375	0.0231217909790972	0.0130759651307597
mprestamos_personales	0.0360118200975759	0.0290747544312348	0.014321295143213
Visa_msaldopesos	0.0345962668358993	0.0113781969715935	0.0163276601632766
cprestamos_personales	0.0315693191655982	0.0227468021555192	0.0147364051473641
mautoservicio	0.0308855292197827	0.0124703265026046	0.0111387851113879
mcuentas_saldo	0.0306629904203527	0.0378665626527907	0.0305105853051059
mpasivos_margen	0.0303501760566668	0.0195633490304123	0.0172962501729625
Visa_status	0.0297105050973787	0.0133001258372837	0.00684931506849315
Visa_msaldototal	0.0270301745371108	0.0110753706823345	0.0145288501452885
ctarjeta_visa_transacciones	0.0260798615258436	0.0121188809669795	0.0131451501314515
Visa_mpagominimo	0.0258918199122544	0.0215569302401177	0.0256676352566764
mcuenta_corriente	0.02446003344946	0.0151013474562632	0.019371800193718
ctarjeta_debito_transacciones	0.0236478866683295	0.0117583727299277	0.0113463401134634
cproductos	0.0235326453654743	0.0143495379529748	0.0153590701535907
mtarjeta_visa_consumo	0.022099441590113	0.00983002869356459	0.0139753701397537
Master_status	0.0202356509669574	0.0199692998968353	0.00975508509755085
mrentabilidad_annual	0.0165409117640173	0.0318663005703411	0.0258060052580601
mextraccion_autoservicio	0.0161168742836545	0.00892544238884689	0.0100318251003183
Visa_mpagospesos	0.0136434152341689	0.0104012696709278	0.0218624602186246
mtransferencias_recibidas	0.0116955303664166	0.00864065752049839	0.0123841151238412
mcomisiones_mantenimiento	0.011487548107259	0.0117792180979609	0.0145980351459804
ccomisiones_otras	0.011071386412808	0.0139370511918358	0.0135602601356026
Visa_cconsumos	0.0110469426357461	0.013960857973135	0.0222775702227757
mcomisiones	0.0107012802644029	0.0110323225881139	0.0159125501591255
ccomisiones_mantenimiento	0.0105471660259093	0.0055280022231364	0.00629583506295835
mactivos_margen	0.00958191182406047	0.0200939973356141	0.0199252801992528
Visa_mconsumototal	0.00930516810208397	0.00519638062516251	0.0103085651030857
ctarjeta_visa	0.00911157206585789	0.00272694827830529	0.00297495502974955
ctarjeta_master	0.00881965523306634	0.00466547407548594	0.0042894700428947
mcomisiones_otras	0.00819644780636529	0.0114921247759535	0.0172270651722707
Visa_fechaalta	0.00812414424370555	0.0141832830994641	0.0234537152345372
mrentabilidad	0.00787309403786176	0.0141610383823052	0.0158433651584337
ccaja_seguridad	0.00783233444231907	0.0160598974082463	0.0070568700705687
cliente_edad	0.00730907422945888	0.0204941576470655	0.0220008302200083
ccajas_consultas	0.00666865956988469	0.0183447416434303	0.0078870900788709
Visa_mconsumosdolares	0.00662416302380643	0.00429885510230468	0.00643420506434205
chomebanking_transacciones	0.00642494110192737	0.0141056648881713	0.0155666251556663
mcuenta_debitos_automaticos	0.00632402695375402	0.0164301863923377	0.011553895115539
Visa_madelantodolares	0.00599574524253231	0.000466691856490598	0.00089940500899405
Master_fechaalta	0.00595728417165752	0.0158919051782892	0.020755500207555
cextraccion_autoservicio	0.00590294108514523	0.00477220882642579	0.0048429500484295
mcaja_ahorro_dolares	0.00582793446146047	0.013874963341357	0.014321295143213
Master_Fvencimiento	0.00572764471825449	0.0158730911235029	0.0190258751902588
ccallcenter_transacciones	0.00519863812967983	0.0170396517510691	0.0091324200913242
mttarjeta_visa_debitos_automaticos	0.00487652358293384	0.00643175710661816	0.009685900096859
Visa_mfinanciacion_limite	0.00485080594567421	0.00725472660978069	0.0133527051335271
mtransferencias_emitidas	0.00465191092185988	0.01242389393608	0.0155666251556663
Visa_Fvencimiento	0.00448472779756914	0.0140318940996433	0.018472395184724
matm	0.00442931110764335	0.00469963688013448	0.00560398505603985
internet	0.00427557401289772	0.0167444804159169	0.00809464508094645
mtarjeta_master_consumo	0.0040099622056232	0.00339278336696971	0.00491213504912135
catm_trx	0.00397197051459591	0.00341860991399867	0.0045662100456621
Master_mfinanciacion_limite	0.00392652168725936	0.0142760054632102	0.0175729901757299
tcallcenter	0.00388948925608908	0.00792781353922537	0.00546561505465615
Master_msaldototal	0.0038839882787705	0.0066911458353957	0.00947834509478345
mpagomiscuentas	0.00374471065997357	0.0121916061803169	0.0091324200913242
ccuenta_debitos_automaticos	0.00352934756127354	0.00805724021117075	0.00629583506295835
Visa_mconsumospesos	0.00344155125035708	0.00558237108327691	0.0120381901203819
cdescubierto_preacordado	0.00318300516862608	0.0189314310992131	0.00864812508648125
ccaja_ahorro	0.00312910582651811	0.015976168460824	0.0078870900788709
cliente_antiguedad	0.0030656819962613	0.0129913032372927	0.0145980351459804
numero_de_cliente	0.00301863147908794	0.010259436766449	0.0136986301369863
ctransferencias_emitidas	0.00294359647416457	0.00926783991988526	0.00906323509063235
cpagomiscuentas	0.00293982481399187	0.00292571569128407	0.0042894700428947
Visa_mlimitecompra	0.00290974948331935	0.00738467396977282	0.0131451501314515
ctransferencias_recibidas	0.00288910962546276	0.0107296894573238	0.010170195101702
Master_mlimitecompra	0.00283031090263087	0.00794717137709278	0.0134218901342189
thomebanking	0.002680656165572	0.00980690951442392	0.00712605507126055
ccajas_transacciones	0.00240472873548254	0.00604026793078415	0.00366680503666805
Master_mpagominimo	0.00219638089768792	0.00736156318882646	0.0076103500761035
cmobile_app_trx	0.00200470962959975	0.00458886784660653	0.005534800055348
ctarjeta_master_transacciones	0.00194718364146906	0.00116766813943981	0.00200636502006365
Master_msaldopesos	0.00191981308477399	0.00472700974468939	0.00754116507541165
Master_mpagospesos	0.00152519823372882	0.0043463710358943	0.0058115400581154
mplazo_fijo_dolares	0.00132015812184861	0.012476098161639	0.0059499100594991
Master_mconsumospesos	0.001095174767988	0.00410464265996075	0.0053964300539643
Master_mconsumosdolares	0.00101460478271398	0.000511404892731733	0.00117614501176145
catm_trx_other	0.00100416561796036	0.00333610605317029	0.00325169503251695
Master_mconsumototal	0.00095777018853914	0.00248284216360983	0.00380517503805175
active_quarter	0.000935008573991678	0.00134358406572131	0.0012453300124533
ctarjeta_visa_debitos_automaticos	0.000899420398709138	0.00366665688137061	0.0048429500484295
Master_fultimo_cierre	0.000825164346626072	0.00248787478154565	0.0035976200359762
Visa_madelantopesos	0.000788886468233298	0.000430221647957428	0.00103777501037775
Master_cconsumos	0.000724874818961464	0.00138368439374176	0.0030441400304414
matm_other	0.000686875417860234	0.00266543780368474	0.00297495502974955
Visa_delinquency	0.00066282104927259	0.000608411385346355	0.0009685900096859
Visa_mpagosdolares	0.000600898249084348	0.00218740313601425	0.00242147502421475
Visa_mpagado	0.000567024735272682	0.00446257055181314	0.0035976200359762
cplazo_fijo	0.000531222694515762	0.00391127318636994	0.0020755500207555
Visa_fultimo_cierre	0.000499336224691804	0.00196113583579172	0.00242147502421475
Master_cadelantosefectivo	0.000493628946165394	0.000197210597709944	0.00048429500484295
Visa_msaldodolares	0.00041546867271891	0.00150782230282511	0.0016604400166044
cseguro_vida	0.00035514354022905	0.00388301746163897	0.00214473502144735
Master_madelantodolares	0.000349557723000688	0.000255252618083535	0.0008302200083022
ctarjeta_debito	0.000325625625535437	0.00176420237849376	0.0020755500207555
Master_msaldodolares	0.000223709567785691	0.000683955242646488	0.00089940500899405
Master_madelantopesos	0.000213434277864289	0.000260876258943389	0.0006918500069185
Master_mpagosdolares	0.000204886122529246	0.000301490976364874	0.00076103500761035
Master_mpagado	0.00020256674854182	0.000499417520139111	0.00089940500899405
cseguro_vivienda	0.000187242298104161	0.00222922614364101	0.00145288501452885
ccajas_otras	0.000154775944633484	0.00191836278243448	0.00089940500899405
mttarjeta_master_debitos_automaticos	0.00014227292969346	0.00279714983425471	0.001383700013837
ctarjeta_master_debitos_automaticos	0.0000839909180324194	0.000210518586356644	0.0004151100041511
Visa_cadelantosefectivo	0.0000715001190537014	0.000177851710068248	0.00034592500345925
cseguro_accidentes_personales	0.0000656196473509501	0.00016944616734567	0.0002767400027674
Master_delinquency	0.0000529480556559852	0.000245621988767071	0.00034592500345925
ccajas_extracciones	0.00000828987501028898	0.000321343257921846	0.0001383700013837
