Feature	Gain	Cover	Frequency
ctrx_quarter	0.0972079110571285	0.0130628461022912	0.0146672201466722
mcuentas_saldo	0.0569762141672917	0.0314652992649118	0.0285042202850422
mcaja_ahorro	0.0545622792399784	0.0150508829605035	0.0181956551819566
mpayroll	0.0468216379325798	0.0222442857154459	0.0118306351183064
mprestamos_personales	0.0443617095568128	0.0305730450740163	0.0149439601494396
cpayroll_trx	0.0388831237162203	0.0180497473979925	0.00837138508371385
mpasivos_margen	0.0388463330086623	0.0176578972804832	0.0154974401549744
cproductos	0.0314240043769789	0.0168130780891021	0.0169503251695033
Visa_msaldopesos	0.0293598067490122	0.00890877956096977	0.0135602601356026
Visa_mpagospesos	0.0274542133634065	0.0135530927747722	0.0230386052303861
cprestamos_personales	0.0240816550394701	0.021078156932352	0.0148747751487478
Visa_msaldototal	0.0234352783490079	0.0111822322771549	0.0168119551681196
mautoservicio	0.0224219297255197	0.0127036411898109	0.0122457451224575
Visa_status	0.0215237750686019	0.0145138127393756	0.0070568700705687
Visa_mpagominimo	0.0212004253851275	0.0251892201864289	0.0310640653106407
mcuenta_corriente	0.0194046389551384	0.0134712409305361	0.0179189151791892
ctarjeta_debito_transacciones	0.0193005411695077	0.0109052523507221	0.0107928601079286
mtarjeta_visa_consumo	0.0190495064876311	0.0108876436109557	0.0134218901342189
mcomisiones_mantenimiento	0.0175362309501475	0.0109002123232303	0.0131451501314515
Master_status	0.0160052993729609	0.0197126878499747	0.0091324200913242
ccomisiones_mantenimiento	0.0144675965576405	0.00675547537240893	0.0065033900650339
ctarjeta_visa	0.0131593512240804	0.00450754471995123	0.00380517503805175
mrentabilidad_annual	0.0125528852829067	0.03261534532237	0.0237996402379964
ctarjeta_visa_transacciones	0.0114627647739459	0.00957698456624741	0.0108620451086205
mactivos_margen	0.0106106778321633	0.0214022708363336	0.0210322402103224
mtransferencias_recibidas	0.00944987851681754	0.00910952671985573	0.0133527051335271
Visa_mconsumototal	0.00899719214369243	0.00446895224067336	0.00878649508786495
mcomisiones_otras	0.00861035213725688	0.0101822968850394	0.015220700152207
Visa_cconsumos	0.00857522699936177	0.0138140924066548	0.0216549052165491
ccaja_seguridad	0.00787391764687197	0.0156294534494788	0.0066417600664176
mcomisiones	0.00768247553081929	0.00831387758515116	0.0131451501314515
cextraccion_autoservicio	0.00764383410791974	0.00528720728881459	0.00574235505742355
cliente_edad	0.00762038010160561	0.0234610050026161	0.0244223052442231
Visa_fechaalta	0.00756783174850887	0.0150001471715203	0.0244223052442231
mextraccion_autoservicio	0.00756592783569943	0.00638035705914847	0.0078870900788709
mrentabilidad	0.00713816221052778	0.0183747706391616	0.0180572851805729
ccajas_consultas	0.0068277831570802	0.0177475861479738	0.0074719800747198
ccomisiones_otras	0.00672641164777804	0.0121024867369173	0.0123841151238412
mcuenta_debitos_automaticos	0.00665053719173578	0.0172354422179333	0.0134218901342189
ctarjeta_master	0.00579733679120674	0.00525795276175806	0.0047045800470458
Master_Fvencimiento	0.00571018796301294	0.0155506233222644	0.0194409851944099
mtransferencias_emitidas	0.00542488657240552	0.011044559672192	0.0137678151376782
catm_trx	0.00529816139106424	0.00388979747642479	0.0044278400442784
Master_fechaalta	0.00516793333372797	0.0159246420691787	0.0201328352013284
Visa_mfinanciacion_limite	0.0051571096495319	0.00758843659782286	0.0136986301369863
ccallcenter_transacciones	0.00489702670565126	0.015972103199072	0.00933997509339975
tcallcenter	0.00473495674920326	0.00729536035795726	0.0053964300539643
Visa_Fvencimiento	0.00461786867970232	0.013736722445016	0.0168119551681196
Visa_mpagosdolares	0.00455346855678049	0.00225657458181415	0.0030441400304414
ctransferencias_emitidas	0.00449515597190178	0.0117572072259867	0.0112079701120797
internet	0.00439159131532018	0.0207674949474534	0.0101010101010101
Visa_mconsumosdolares	0.00436477773210141	0.00425242546854746	0.006918500069185
mcaja_ahorro_dolares	0.00422953570410357	0.0138990893033012	0.0143904801439048
ccuenta_debitos_automaticos	0.00419513848200961	0.0070316776587642	0.00643420506434205
matm	0.00416210036946889	0.00390730169467538	0.00491213504912135
Master_mfinanciacion_limite	0.00408942275879248	0.0133299215698871	0.015220700152207
chomebanking_transacciones	0.00403930569745058	0.0142081740585263	0.0169503251695033
Visa_mconsumospesos	0.00378470044560393	0.00614002551179972	0.011069600110696
Visa_mlimitecompra	0.0037697636745239	0.00818482277916579	0.0126608551266086
ctransferencias_recibidas	0.00373904987950691	0.0108608212995718	0.0114155251141553
Master_msaldopesos	0.00369655875631986	0.00529138710423133	0.00864812508648125
numero_de_cliente	0.00352125863575001	0.00966664207728326	0.0142521101425211
mpagomiscuentas	0.00346695629000997	0.0122046701064063	0.0095475300954753
cliente_antiguedad	0.00335729382745881	0.0138247410586842	0.0169503251695033
cdescubierto_preacordado	0.00321674076434567	0.0182330300568039	0.00850975508509755
mtarjeta_master_consumo	0.00300820523057784	0.00405251657221819	0.0052580600525806
Master_mpagominimo	0.00290016971788541	0.00686921568589967	0.00754116507541165
cpagomiscuentas	0.00287380515842594	0.00387299041668457	0.00546561505465615
Master_mlimitecompra	0.00277301342517113	0.00798825020962078	0.0123841151238412
ccaja_ahorro	0.00248148589412198	0.01555496096517	0.0071952400719524
Visa_madelantopesos	0.00227751709026578	0.000437892890433221	0.00062266500622665
thomebanking	0.00227704474260158	0.00905942642168857	0.0067801300678013
ccajas_transacciones	0.00226346999849038	0.00592281934982113	0.0034592500345925
Master_msaldototal	0.00215742771674461	0.0068288223009046	0.0080254600802546
ctarjeta_master_transacciones	0.00197712244544448	0.00131462668144795	0.00214473502144735
Master_mpagospesos	0.00182418467660971	0.00484860260685879	0.00754116507541165
mttarjeta_visa_debitos_automaticos	0.0017883677297862	0.00499732836211723	0.00767953507679535
cmobile_app_trx	0.00163417909378151	0.00420052530987826	0.00532724505327245
ctarjeta_visa_debitos_automaticos	0.00151499752263366	0.00514546357081142	0.0060882800608828
Master_mconsumospesos	0.00151080611870719	0.00356020246415473	0.0047045800470458
Master_fultimo_cierre	0.00120821250573421	0.00379822408600437	0.00463539504635395
mplazo_fijo_dolares	0.00104360378256437	0.0114784932876068	0.0053964300539643
Master_mconsumototal	0.00101491333861055	0.00199991050240688	0.0037359900373599
cplazo_fijo	0.00078933497070531	0.00538454190518577	0.00283658502836585
catm_trx_other	0.000715551817941388	0.00255128867383229	0.0026290300262903
Visa_mpagado	0.000593414976552668	0.0039455597051027	0.0031825100318251
matm_other	0.000566215665676315	0.00212937921359481	0.00200636502006365
Master_cconsumos	0.000547755625259347	0.00126909606395144	0.0026290300262903
Visa_fultimo_cierre	0.000528107315990174	0.00100810792943564	0.0024906600249066
Master_cadelantosefectivo	0.000503217480890393	0.000351485998538666	0.0006918500069185
Visa_msaldodolares	0.000427559930005705	0.0016311073791309	0.00200636502006365
Master_mconsumosdolares	0.000366374419241173	0.000483940889432925	0.001383700013837
ctarjeta_debito	0.000349228388385327	0.00169791857724376	0.0020755500207555
cseguro_vida	0.000344963811767594	0.00339072814279535	0.0020755500207555
Master_madelantopesos	0.00034135764978197	0.000306440360875459	0.0008302200083022
Visa_madelantodolares	0.00032771243711568	0.000158094018719362	0.00048429500484295
Master_msaldodolares	0.000285336219751479	0.000698306156612136	0.0011069600110696
Visa_delinquency	0.000255770813096783	0.000596847121227596	0.0009685900096859
Master_mpagosdolares	0.000220798826047671	0.000279239681604343	0.00076103500761035
active_quarter	0.000197908268219661	0.00078412041151212	0.0008302200083022
Master_madelantodolares	0.000189774996949043	0.000301306264019491	0.00048429500484295
Master_mpagado	0.000175617209265564	0.000460899121275388	0.0006918500069185
ccajas_otras	0.000163347445562603	0.00185397965248086	0.00089940500899405
Master_delinquency	0.000139200806094168	0.000288246300620605	0.00048429500484295
Visa_cadelantosefectivo	0.000137111083420749	0.00025069590085523	0.0004151100041511
cseguro_vivienda	0.000129387423530485	0.00281985148259793	0.001383700013837
mttarjeta_master_debitos_automaticos	0.00012749745438983	0.0028192703429701	0.001383700013837
cseguro_accidentes_personales	0.000109510881597418	0.000320954218559086	0.00048429500484295
ctarjeta_master_debitos_automaticos	0.0000134485060749582	0.0000110886876109465	0.00006918500069185
ccajas_extracciones	0.00000798237397963788	0.000313152732619968	0.0001383700013837
