Feature	Gain	Cover	Frequency
ctrx_quarter	0.15073971745895	0.0238844103538038	0.026424462512453
mcaja_ahorro	0.0520582467353773	0.0150379813129389	0.0246328373557862
mcuentas_saldo	0.0412508780707652	0.0223285123768182	0.028304463797924
mpasivos_margen	0.0380469770565269	0.0172222215107561	0.0234036057460552
cpayroll_trx	0.0376356082909985	0.00791652624604527	0.0036957290227207
mprestamos_personales	0.0348730041875368	0.024062507420931	0.00795385159237716
mpayroll	0.0298115806363952	0.0168318044191064	0.00930359610502298
mtarjeta_visa_consumo	0.0288153841982804	0.00975950190569867	0.0135215477070412
mrentabilidad_annual	0.0259282163557313	0.0287976409818442	0.0310360895973262
mcuenta_corriente	0.0209216116696655	0.0149503360462942	0.0214271941382524
Visa_mpagominimo	0.0208817922594357	0.0157872142513799	0.0228894173602854
cliente_edad	0.0204813104349837	0.0299339594321178	0.0348041263617958
cproductos	0.0163487587010835	0.013770960308345	0.0125012051290292
mactivos_margen	0.016341879761478	0.0231332965868297	0.0226644599415111
Master_fechaalta	0.0162668893230628	0.0193069351182633	0.0295979689558762
Master_Fvencimiento	0.0162117496454447	0.0168929658805122	0.0274769418645756
ctarjeta_visa_transacciones	0.0160771524797372	0.0175439292053454	0.0140919754475046
Visa_Fvencimiento	0.0160656837685156	0.0182260253265841	0.0274528392839927
Visa_fechaalta	0.014774254577599	0.0133430459165292	0.0239258283253527
Visa_msaldopesos	0.014378717645271	0.0147132096776827	0.017144968988013
mrentabilidad	0.0141082548769384	0.0158625660236726	0.0217244592987756
numero_de_cliente	0.0131492536830633	0.021387441323214	0.0247854870328117
cliente_antiguedad	0.012360362009969	0.0177176919251818	0.0227206992962046
chomebanking_transacciones	0.0122167491487313	0.019049843892271	0.0236687341324678
Visa_status	0.0121569692388943	0.00920264971520229	0.00205675354307935
Master_mfinanciacion_limite	0.0119551984611134	0.0145271991891794	0.0220136902657711
Visa_mpagospesos	0.0108363145760772	0.014384919722748	0.020856766397789
mcomisiones_otras	0.0107394077102162	0.0109601976440621	0.0183661664042163
mtransferencias_recibidas	0.0106517746894413	0.0138120494729978	0.0185509528553524
Master_status	0.0106206386838544	0.00309632404485907	0.00122119741620336
Visa_msaldototal	0.0097868799259281	0.00865218441166914	0.0143972748015554
mcomisiones_mantenimiento	0.00976398377512219	0.0136190851629871	0.0111193238422727
Visa_mfinanciacion_limite	0.00964145213152458	0.0137884844373694	0.0174502683420638
cprestamos_personales	0.00934722527048733	0.0134601407627487	0.00539094385705563
Visa_mconsumospesos	0.00888288470092417	0.00905523266426919	0.0172253109232895
mcomisiones	0.00813571024596124	0.0117177248380824	0.0162290709258605
mcaja_ahorro_dolares	0.00799460782123434	0.0116411138507671	0.0143410354468618
ctarjeta_debito_transacciones	0.00766451739129672	0.0124904240063006	0.0149677025420188
mtransferencias_emitidas	0.00756391089257383	0.018688770539624	0.0152328309284314
mautoservicio	0.00734985629974283	0.0138816682676012	0.0161326606035286
ccomisiones_otras	0.00715161706630527	0.0187228793426864	0.0129350515795224
Visa_mlimitecompra	0.00693865926946669	0.00945960983957973	0.0127020599672205
Visa_cconsumos	0.00685207389056891	0.00948766046899611	0.0129350515795224
ctarjeta_master	0.00677138425732488	0.00020567605049018	0.000377607095799724
Master_mlimitecompra	0.00675493578846718	0.00946234346812928	0.0129270173859948
ccaja_seguridad	0.00636634349142173	0.0129780503872781	0.00245042902593438
mttarjeta_visa_debitos_automaticos	0.00624803987704072	0.00982788131040176	0.0125654786772504
ccomisiones_mantenimiento	0.00596446966573285	0.0105124741180031	0.00537487547000032
mcuenta_debitos_automaticos	0.00593799605721075	0.0146972098447509	0.00964906642671209
ctransferencias_recibidas	0.00512069771720241	0.00771109353294264	0.00976957932962689
mpagomiscuentas	0.00465272833406496	0.0129935059886282	0.00876530513867018
Master_mpagospesos	0.004532175636662	0.0132552004801018	0.00876530513867018
Visa_mconsumosdolares	0.00447546915731461	0.00831738030527686	0.00796188578590481
ccajas_consultas	0.00446468560254985	0.0110160485307865	0.00278786515409583
Visa_mconsumototal	0.00425715573300051	0.00409045927647216	0.00796991997943247
Master_msaldopesos	0.00400919051839883	0.00703208821221398	0.00701385094964167
ccallcenter_transacciones	0.0038225414228793	0.00853651569521114	0.00345470321689109
internet	0.00350378303192956	0.008520124156235	0.00297265160523187
Master_msaldototal	0.0034964916928127	0.00787979956756644	0.00588906385577016
Master_mpagominimo	0.00347777056345764	0.00818798461022445	0.00638718385448469
ctransferencias_emitidas	0.00323027733620578	0.0123344066894337	0.00683709869203329
ccaja_ahorro	0.00310774600990386	0.00914610814679968	0.00314136966931259
ctarjeta_visa_debitos_automaticos	0.0029913752412338	0.00547826739642366	0.00581675611402127
thomebanking	0.00294594816908189	0.00259260318197913	0.00333419031397628
tcallcenter	0.00271707695946515	0.00273727733132162	0.00211299289777292
mextraccion_autoservicio	0.00271188725224247	0.00511939559162602	0.00647555998328888
ctarjeta_debito	0.0026476647624878	0.0042184803231289	0.00471607160073272
cmobile_app_trx	0.00260948512333479	0.00301036998904587	0.00492496063245172
Master_mconsumospesos	0.00254684385403196	0.00675975690313594	0.00502137095478356
cdescubierto_preacordado	0.00251228471853276	0.00753630246482979	0.00188000128547096
ctarjeta_visa	0.00249281954222256	0.000412979679564663	0.000441880644020953
Master_fultimo_cierre	0.00222459498608539	0.00622705011273372	0.00436256708551596
cpagomiscuentas	0.00222306443796734	0.00361434073943783	0.00444290902079249
matm	0.00216139373484748	0.00558076135986979	0.00454735353665199
Visa_fultimo_cierre	0.0019747550326174	0.00250200653020021	0.00367966063566539
mtarjeta_master_consumo	0.00187204071130012	0.00383614420711423	0.00276376257351287
ccuenta_debitos_automaticos	0.00171791050851054	0.00389059518440011	0.00367966063566539
ccajas_transacciones	0.00165416073542139	0.00144415975089261	0.00073914580454414
mplazo_fijo_dolares	0.00160245386962767	0.010559021266714	0.00243436063887907
tmobile_app	0.00152550387922606	0.00556448429498662	0.00113282128739917
cextraccion_autoservicio	0.00140913005352487	0.00288104943760197	0.00338239547514221
Master_cconsumos	0.00129276172916922	0.00148111154043692	0.00244239483240672
catm_trx	0.00119262337754048	0.00479965729909975	0.0027075232188193
ctarjeta_master_transacciones	0.00107261182980039	0.00176587863708315	0.00161487289905839
Visa_mpagado	0.00100770827202714	0.00412776152301616	0.00215316386541119
Master_mconsumototal	0.00100022797549169	0.0029695647713052	0.00209692451071761
Visa_mpagosdolares	0.000910306506125221	0.00330913809863753	0.00175948838255616
Visa_msaldodolares	0.000883104828607632	0.00422041007494742	0.00202461676896873
catm_trx_other	0.000788338245207211	0.0063932073401089	0.00204068515602404
matm_other	0.00076499838112281	0.00352152655180781	0.00214512967188354
mttarjeta_master_debitos_automaticos	0.000589343085286586	0.00623655593909013	0.00160683870553074
cplazo_fijo	0.00043748414570864	0.00135773532806615	0.000465983224603914
ccajas_otras	0.000403804505480133	0.00465626410846231	0.000940000642735482
Master_mconsumosdolares	0.000328430885990621	0.000280111710279066	0.000570427740463412
cseguro_vivienda	0.000314334643954673	0.00242060106090209	0.000811453546293023
active_quarter	0.000311549538635052	0.000650936145230187	0.000626667095156988
cseguro_vida	0.000299577715579818	0.00255424380875542	0.000634701288684642
cseguro_accidentes_personales	0.000226396289736064	0.00065113823357307	0.000490085805186875
tcuentas	0.000209018151129703	0.0051355879200996	0.000859658707458945
ccheques_depositados	0.000166191736088835	0.00088759886178921	0.000136581289970113
ccajas_extracciones	0.000165402894988687	0.00362540123909029	0.000747179998071794
ctarjeta_master_debitos_automaticos	0.000129338632941173	0.0002688763018868	0.000257094192884918
mcheques_depositados	0.000119670901005598	0.000678752070779984	0.000104444515859498
Master_mpagosdolares	0.000106798243287507	0.000125788801843972	0.000224957418774303
cinversion1	0.0000984963361484777	0.00212514022936493	0.000329401934633801
cinversion2	0.0000900955148029791	0.0015962625653963	0.000249059999357265
minversion2	0.0000869236658435961	0.000793548162099172	0.000192820644663689
Master_mpagado	0.0000836853902361135	0.000230596868672144	0.000136581289970113
Master_msaldodolares	0.0000528186893378842	0.000112999359675731	0.000128547096442459
Master_cadelantosefectivo	0.0000527747089023448	0.0000179900193971394	0.0000482051611659222
mtarjeta_visa_descuentos	0.0000527031650619711	0.000781480738092691	0.000208889031718996
ctarjeta_visa_descuentos	0.000052437995840462	0.00159032046464344	0.000297265160523187
Visa_delinquency	0.0000417933882485621	0.000341162214952254	0.000136581289970113
Master_madelantopesos	0.0000276916226757476	0.0000189720024683364	0.0000723077417488833
mcaja_ahorro_adicional	0.0000258539227437312	0.000278543607061498	0.000080341935276537
Visa_madelantopesos	0.0000243470708246127	0.0000478469732580573	0.000112478709387152
cprestamos_prendarios	0.0000238236444518652	0.000208846791009226	0.0000321367741106148
Master_delinquency	0.0000195649003978023	0.0000166140919613333	0.0000562393546935759
Visa_Finiciomora	0.0000169053389014756	0.000411468813393576	0.0000723077417488833
cseguro_auto	0.00000836629583943198	0.000426819853211885	0.0000723077417488833
Visa_madelantodolares	0.00000758792228597224	0.0000591389791767324	0.0000321367741106148
Master_madelantodolares	0.000000841978586105383	0.00000310774779191266	0.0000160683870553074
mforex_sell	0.000000697281601165592	0.000028830843904724	0.0000241025805829611
cforex	0.000000578156985985346	0.0000124546534103301	0.00000803419352765369
Visa_cadelantosefectivo	0.0000000000137644506881832	0.00000176571491994461	0.00000803419352765369
