Feature	Gain	Cover	Frequency
ctrx_quarter	0.153922934893127	0.0237378541904554	0.0250422195416164
mcaja_ahorro	0.0532359961597725	0.0154594523226785	0.0250100522718134
mcuentas_saldo	0.0424275159782225	0.0215837129827636	0.0283232810615199
cpayroll_trx	0.0355943690897989	0.00789080503990425	0.00370727784479292
mprestamos_personales	0.0345087753052452	0.023084152382404	0.00825090470446321
mpayroll	0.0324988801341003	0.0169208257452511	0.00937675914756735
mtarjeta_visa_consumo	0.0294399351752415	0.00978830431791191	0.0132448733413752
mpasivos_margen	0.0290159918473293	0.0169277911772086	0.0219622034579815
mrentabilidad_annual	0.0271669576511187	0.0277030956110308	0.0313711298753518
mcuenta_corriente	0.0221964604045669	0.015291839888047	0.0213751507840772
Visa_mpagominimo	0.0215542268722459	0.0160978024715721	0.0227503015681544
cliente_edad	0.0211562183588961	0.0289980875726579	0.0353759549658223
Master_Fvencimiento	0.0164838873131678	0.0169224233038564	0.0288459991958183
mactivos_margen	0.0162544226660754	0.025199220606192	0.0241897868918376
Master_fechaalta	0.0161803907880363	0.0193210043548511	0.0295215118616807
Visa_msaldopesos	0.0149537839166882	0.0141152905264885	0.0161720948934459
numero_de_cliente	0.0148653053155171	0.0215884476929365	0.0275271411338963
Visa_Fvencimiento	0.0147600888322324	0.0165142623678358	0.0257981503819863
cproductos	0.0146924812441179	0.0133522843064673	0.0118134298351427
Visa_fechaalta	0.0146265118903798	0.0134286521303964	0.0239806996381182
mrentabilidad	0.013843364036895	0.0166213749141114	0.0220667470848412
chomebanking_transacciones	0.0128555435836254	0.0186566082041263	0.0248572577402493
ctarjeta_visa_transacciones	0.0122766919348349	0.0170848898544397	0.0146682750301568
Visa_status	0.0122725333736154	0.0111076762468679	0.00238037796542019
cliente_antiguedad	0.0116881521651797	0.0166307054717075	0.0214555689585846
Master_mfinanciacion_limite	0.0112510465566388	0.0145271447020601	0.021254523522316
cprestamos_personales	0.0111833753595712	0.0137730935369245	0.00536389223964616
Visa_mpagospesos	0.0108259577601842	0.0145220997801485	0.0207318053880177
mtransferencias_recibidas	0.0106504378990182	0.0145930439945301	0.0188580619219944
mcomisiones_otras	0.0104299332997172	0.011262853777068	0.0179654201849618
Visa_msaldototal	0.0104190355462455	0.0079793179400489	0.0134780860474467
Visa_mfinanciacion_limite	0.0100119922260972	0.0141797476847151	0.018367511057499
Master_status	0.00950868122170513	0.00306389955612962	0.00107760353839968
mcomisiones_mantenimiento	0.00935273192298179	0.0130072342606859	0.0109288299155609
Visa_mconsumospesos	0.00914743048509368	0.00911488718434467	0.0181262565339767
mcomisiones	0.00886868828428632	0.0117404056393286	0.0164374748693205
mcaja_ahorro_dolares	0.00815648667447646	0.0128356381213024	0.0142983514274226
ctarjeta_master	0.00787889319734095	0.000242304350789259	0.000474467229593888
mautoservicio	0.00751794675381417	0.0138885375296827	0.0166948130277443
Visa_cconsumos	0.00726317512748222	0.0100836176124005	0.0133815842380378
mtransferencias_emitidas	0.00720326422453846	0.0191415118298014	0.014724567752312
Master_mlimitecompra	0.0071943177956951	0.0110283849798689	0.0136308805790109
ccomisiones_otras	0.00680786677449249	0.018302069309954	0.0124728588661037
ccomisiones_mantenimiento	0.00641704593625722	0.0104897459289995	0.00558906312826699
ccaja_seguridad	0.00631082083380868	0.0125015353012751	0.00241254523522316
mcuenta_debitos_automaticos	0.00626383516185081	0.0150577567853198	0.0103256936067551
mttarjeta_visa_debitos_automaticos	0.00603331326650499	0.0104316710428806	0.0120627261761158
Visa_mlimitecompra	0.00588230204772781	0.0084535485620511	0.0109770808202654
ctarjeta_debito_transacciones	0.00532413301281899	0.0124584948557393	0.01416164053076
ctransferencias_recibidas	0.00507195449380949	0.00819441188026266	0.0095697627663852
ccajas_consultas	0.00461669055184033	0.01080440987504	0.0028226779252111
Master_mpagospesos	0.00443388980637714	0.0131658231645347	0.00869320466425412
Visa_mconsumototal	0.00431315417515097	0.0044255408601701	0.0082669883393647
ctarjeta_visa	0.00429538554687966	0.000318200168766779	0.000386007237635706
Visa_mconsumosdolares	0.00426457914199843	0.00845889127449218	0.00752714113389626
mpagomiscuentas	0.00408452982990094	0.013941085296177	0.00828307197426618
Master_msaldopesos	0.00394354944587986	0.00657082670114278	0.00649778850020105
Master_msaldototal	0.0037497650433984	0.00829051827966336	0.00633695215118617
Master_mpagominimo	0.0036670513700511	0.0081611392825871	0.00668275030156816
active_quarter	0.00357391529159933	0.000496902195320001	0.000538801769199839
ccallcenter_transacciones	0.00352398893957675	0.00898218312509941	0.00365902694008846
ctransferencias_emitidas	0.00326215887710858	0.0112981507133591	0.00677925211097708
ccaja_ahorro	0.00312192292920772	0.00882734924835527	0.00307197426618416
tcallcenter	0.00294764258734149	0.00285547230186618	0.0020345798150382
mextraccion_autoservicio	0.00294083331027163	0.00512011863842203	0.00712505026135907
internet	0.00292615117739453	0.00764537500327912	0.00279051065540812
thomebanking	0.00277870249765482	0.00267097275551773	0.00336147969441094
Master_mconsumospesos	0.00271322548990331	0.00757310617840318	0.00552472858866104
ctarjeta_visa_debitos_automaticos	0.00261523010671002	0.00565278181367107	0.00549256131885806
cdescubierto_preacordado	0.00258070217823111	0.00690743956091665	0.00197828709288299
cpagomiscuentas	0.00257922712239095	0.00412097089835585	0.00475271411338963
cmobile_app_trx	0.00253481740021405	0.00271402721472551	0.00480096501809409
Master_fultimo_cierre	0.00242201682756906	0.00551347253753665	0.00463208685162847
ctarjeta_debito	0.00240350239328308	0.00332973222518252	0.00426216324889425
mtarjeta_master_consumo	0.00192884812836754	0.00454092306537464	0.00298351427422598
cextraccion_autoservicio	0.0018400908777883	0.00267500423415136	0.00357056694813028
Visa_fultimo_cierre	0.00180802435741531	0.00243732949099511	0.00344993968636912
mplazo_fijo_dolares	0.00173748946309517	0.0107102532869993	0.00255729794933655
matm	0.00170695874277401	0.00508315343818062	0.00429433051869723
tmobile_app	0.00152461863347958	0.00577201682319154	0.00122235625251307
ccajas_transacciones	0.00150636000486775	0.00167811842813923	0.00085243264977885
ccuenta_debitos_automaticos	0.00149949744534708	0.00350058468447357	0.00341777241656614
Master_cconsumos	0.00130470119531322	0.00164691603200567	0.00247687977482911
catm_trx	0.00111787902176144	0.00453570838693661	0.00271009248090068
Master_mconsumototal	0.000994879563231867	0.00337872561487548	0.00221954161640531
Visa_msaldodolares	0.000966918621391219	0.00451095291689738	0.0019622034579815
ctarjeta_master_transacciones	0.000918834549535344	0.00159040812920779	0.0014475271411339
Visa_mpagado	0.000912777278837259	0.00422309489590033	0.00211499798954564
Visa_mpagosdolares	0.00086465627982326	0.00304699938621837	0.00168073984720547
catm_trx_other	0.000821551085525867	0.00689543493991341	0.00211499798954564
matm_other	0.000649488215468715	0.0034914866264353	0.00201045436268597
mttarjeta_master_debitos_automaticos	0.00050370626718875	0.00530892707041074	0.00130277442702051
ccajas_otras	0.000458432558941259	0.00522894722252968	0.00109368717330117
cplazo_fijo	0.000342462299193559	0.000915185779895934	0.000345798150381986
cseguro_vivienda	0.000334109594843845	0.00189251996556033	0.000739847205468436
Master_mconsumosdolares	0.000286997011173855	0.000189132020414361	0.000530759951749095
cseguro_vida	0.000282938769707914	0.0026107636508553	0.000683554483313229
ccheques_depositados	0.000234548718563	0.00127504541052373	0.000201045436268597
cseguro_accidentes_personales	0.000183223674508829	0.000612579643113676	0.000434258142340169
ccajas_extracciones	0.000174587130262138	0.0040443524207939	0.00085243264977885
tcuentas	0.000170224531666412	0.00413038808592413	0.00070767993566546
Master_mpagosdolares	0.000169638091089463	0.000117748604813309	0.000281463610776035
ctarjeta_master_debitos_automaticos	0.000118941785492963	0.000288956183291948	0.000233212706071572
minversion2	0.000109325259855282	0.00110038664682831	0.00024929634097306
cinversion1	0.000101518729626578	0.00227721245991578	0.00035383996783273
Master_mpagado	0.0000786260153287482	0.000710692545547391	0.00024929634097306
Master_msaldodolares	0.0000714054922796918	0.000151155924835375	0.000160836349014877
mtarjeta_visa_descuentos	0.0000694330665584403	0.00154139403749941	0.000313630880579011
Visa_delinquency	0.0000656334927644065	0.000105461799415269	0.000176919983916365
Master_cadelantosefectivo	0.0000640056666963108	0.000032361708997083	0.0000402090872537193
mcheques_depositados	0.0000613573450359712	0.000360518591703245	0.0000562927221552071
cinversion2	0.0000597603422882078	0.00114058167996777	0.000176919983916365
ctarjeta_visa_descuentos	0.000058941256075257	0.00165796294592632	0.000313630880579011
Master_madelantopesos	0.0000566618778053897	0.0000229499358020629	0.0000643345396059509
Master_madelantodolares	0.0000356620851175386	0.00000355883569696981	0.0000160836349014877
mcaja_ahorro_adicional	0.0000237048762058283	0.000223927012454655	0.0000723763570566948
Visa_madelantopesos	0.000010851176547587	0.000069642535350502	0.000136710896662646
Visa_Finiciomora	0.00000962566520404218	0.000588098713648168	0.0000965018094089264
Master_delinquency	0.00000880563869042294	0.0000458208854529848	0.0000643345396059509
cseguro_auto	0.00000632864166179393	0.000776281626278658	0.000120627261761158
Visa_madelantodolares	0.00000289456903415921	0.0000638905599891923	0.0000562927221552071
minversion1_pesos	0.00000206437419062917	0.0000115651012912446	0.00000804181745074387
cforex	0.000000940842816301045	0.0000186996527900652	0.0000160836349014877
cforex_sell	0.000000219329420473078	0.00000827602877982463	0.00000804181745074387
mforex_sell	0.00000008873125808809	0.0000110440474877506	0.00000804181745074387
Visa_cadelantosefectivo	0.0000000447967636721643	0.00000285114526215086	0.0000160836349014877
