Feature	Gain	Cover	Frequency
ctrx_quarter	0.168499399784279	0.0249085007417588	0.0254313130810918
mcaja_ahorro	0.0602563407476845	0.0155707745977877	0.0244617908815194
mcuentas_saldo	0.0469091644202763	0.0224351149171711	0.029197533933277
mprestamos_personales	0.040097043131619	0.0248545101790348	0.00880027842688808
mtarjeta_visa_consumo	0.0357922491549666	0.0112886634638387	0.0141823696116939
mpayroll	0.0353796297414794	0.018207840743417	0.0104285785312982
mpasivos_margen	0.0347788899418652	0.0170569446785553	0.0226221846566897
cpayroll_trx	0.0336102291973111	0.0111625786557764	0.00430070103912892
mrentabilidad_annual	0.0267751044239708	0.0280346220539146	0.0329513250136727
mcuenta_corriente	0.0201275336653788	0.0132081401384718	0.0199373539501815
cliente_edad	0.0194417848439196	0.0315173356980228	0.0376000596629046
Visa_mpagominimo	0.0180312948713648	0.0161824339549287	0.0227837716899518
ctarjeta_visa_transacciones	0.0163296231134754	0.0181840517107024	0.0159971162929449
Master_fechaalta	0.0149109051135289	0.0206616289961836	0.0309252722120022
Visa_fechaalta	0.0135504548007371	0.0129549350013907	0.0235668473126833
Master_Fvencimiento	0.013387125977196	0.0149158474205661	0.0249962710684632
mrentabilidad	0.0132928840673221	0.0148827531397066	0.0221249937851141
mactivos_margen	0.0129567001227819	0.0227548253745182	0.0221374235569035
Visa_Fvencimiento	0.0124815405608177	0.0165015425710363	0.0242007656739422
cprestamos_personales	0.0124022952599389	0.00937175952075867	0.00513349574901805
Visa_msaldopesos	0.0121604348949466	0.0137569024278562	0.0173892507333565
Visa_msaldototal	0.0120908026274965	0.00769535823119642	0.0128648138020186
numero_de_cliente	0.0116790546244607	0.0218298042397941	0.0254188833093024
Master_mfinanciacion_limite	0.010997237424913	0.0134571999309774	0.021068463183016
Master_status	0.0109387843671864	0.00475058631133668	0.00164072987619947
Visa_status	0.0108250549129691	0.0118305949483175	0.00261025207577189
chomebanking_transacciones	0.0107665582640268	0.0192122858230969	0.024225625217521
mcomisiones_mantenimiento	0.0106309665269233	0.0124875936332734	0.0114975389051857
cliente_antiguedad	0.0104562623660115	0.0170120446203139	0.0212549097598568
cproductos	0.0101976660798637	0.0121843480988801	0.0129891115199125
mautoservicio	0.0098756556022618	0.0133603472786059	0.0177994332024064
mtransferencias_recibidas	0.00984720223361064	0.0128446205765854	0.0188683935762939
Visa_mpagospesos	0.00958151670431634	0.0133501970304543	0.0189926912941878
ctarjeta_master	0.00941960124830364	0.000261641628328149	0.000509620643364988
mcomisiones_otras	0.00859498716982347	0.0121480503643016	0.0188186744891364
Visa_mfinanciacion_limite	0.00790925050376699	0.0101838571650559	0.0163948689902053
Visa_mconsumospesos	0.00778916077862164	0.00904096577500991	0.0175881270819868
ccomisiones_mantenimiento	0.00715253355200395	0.0127980831561479	0.00596629045890717
ccaja_seguridad	0.00707756329672743	0.0159171346970234	0.00330631929597773
mcomisiones	0.0070615022523714	0.0112345657621942	0.0164197285337841
mcaja_ahorro_dolares	0.00705081515781198	0.0133895775710111	0.0143812459603242
mtransferencias_emitidas	0.00663488714832614	0.0159125156120913	0.01507731318053
mcuenta_debitos_automaticos	0.0064766430757382	0.0162938668168984	0.011634266394869
ccomisiones_otras	0.0062574426293855	0.0166588457972088	0.0123427633868642
ctarjeta_visa	0.00622786126564857	0.00080273463429966	0.000522050415154378
Visa_cconsumos	0.00617899398761532	0.0086708082582745	0.0132004176403321
Master_mlimitecompra	0.00575578613766953	0.00820549507650195	0.0123179038432854
ccajas_consultas	0.00548254320346395	0.0130507237177008	0.00355491473176552
mttarjeta_visa_debitos_automaticos	0.00528007365444108	0.0082471660608477	0.011634266394869
Visa_mlimitecompra	0.00503064621495363	0.00743833848272875	0.0109754884900313
ctarjeta_debito_transacciones	0.00439190792028516	0.0134528142225631	0.0144309650474817
ctransferencias_recibidas	0.00438248598951174	0.00823360693174281	0.00926017998309551
mpagomiscuentas	0.00421876494672252	0.0133244659883526	0.00873812956794113
ccallcenter_transacciones	0.00405494659898859	0.0105798235160656	0.00430070103912892
Master_mpagospesos	0.00401847591537314	0.012545124904405	0.00856411276288967
Master_msaldopesos	0.00373805461638917	0.00653955007974641	0.00727141649679312
Visa_mconsumosdolares	0.00371918041769481	0.00897762105289474	0.00774374782478994
Master_msaldototal	0.00364495305039802	0.00775530385460751	0.00627703475364192
internet	0.00341861613787758	0.01034440483723	0.00360463381892308
ccaja_ahorro	0.00316612807890203	0.0114877122057798	0.0035797742753443
Visa_mconsumototal	0.00312116497693498	0.00366945491902721	0.00696067220205837
ctransferencias_emitidas	0.00305096734608232	0.012115106543752	0.00708496991995227
Master_mpagominimo	0.00291258764482713	0.00729710516296891	0.00579227365385572
thomebanking	0.00281674237904707	0.00272225463032229	0.00331874906776712
cdescubierto_preacordado	0.00279082557238407	0.0115590196787855	0.00263511161935067
tcallcenter	0.00268125525792707	0.00327278424607142	0.00232436732461592
mextraccion_autoservicio	0.0025370929703669	0.00467727627216294	0.00688609357132203
cpagomiscuentas	0.00240713489557166	0.00473657673294485	0.00503405757470293
cmobile_app_trx	0.00236263240398885	0.00358127539517032	0.00518321483617561
ctarjeta_visa_debitos_automaticos	0.0022517384545417	0.0058637862457984	0.00518321483617561
ctarjeta_debito	0.00219226146404003	0.00343160465252066	0.0045741560184955
Master_mconsumospesos	0.00202760651526474	0.00729017746721352	0.00486004076965147
matm	0.00193352490061562	0.00662810272653902	0.00523293392333317
mtarjeta_master_consumo	0.00182883045765188	0.0026745792082219	0.00244866504250982
mplazo_fijo_dolares	0.00181173517053288	0.0124802648652987	0.00302043454482176
Master_fultimo_cierre	0.00178454807941311	0.00420252368568442	0.00355491473176552
tmobile_app	0.00171323455645117	0.00767054485723878	0.00162830010441008
ccuenta_debitos_automaticos	0.00150608530917952	0.00434759444207907	0.00387808879828966
Visa_fultimo_cierre	0.00150491319341784	0.00204665336804041	0.00313230249092627
cextraccion_autoservicio	0.00145806013267138	0.002841808622456	0.00353005518818675
ccajas_transacciones	0.00140332362018588	0.00140109991470834	0.000758216079152787
ctarjeta_master_transacciones	0.00115093591831857	0.00144249140621834	0.00119325809178143
Master_cconsumos	0.00106934812124856	0.00114992808800728	0.00212549097598568
catm_trx	0.000943384179134319	0.00372486996357083	0.00246109481429921
Visa_mpagado	0.000840515101513915	0.00488409351747368	0.00221249937851141
Master_mconsumototal	0.000705922188525538	0.00226801448888066	0.0017277382787252
catm_trx_other	0.00066242452415037	0.00574944293176581	0.0018520359966191
Visa_msaldodolares	0.000598871171401575	0.00338476305071359	0.00154129170188435
Visa_mpagosdolares	0.000574322917007263	0.00424929960667509	0.00171530850693581
mttarjeta_master_debitos_automaticos	0.000542409861301701	0.00708526822632815	0.00170287873514642
matm_other	0.000533225718536078	0.00219615455170305	0.0014791428429374
ccajas_otras	0.000480622059219717	0.00522777001966481	0.00108139014567693
cplazo_fijo	0.000350058454293525	0.00137574572211352	0.000472331327996818
cseguro_vivienda	0.000296701498229067	0.0023867444429703	0.000832794709889127
cseguro_vida	0.000291817105992035	0.00314501642531649	0.000820364938099737
Master_mconsumosdolares	0.000273757417750597	0.000266044106312563	0.000633918361258887
tcuentas	0.000203897038712883	0.00408137192617302	0.000745786307363397
ccheques_depositados	0.00016420866820733	0.000988795344163623	0.000161587033262069
active_quarter	0.000146388802055074	0.000473043021966537	0.000385322925471088
ccajas_extracciones	0.00014279516397747	0.00369859856865337	0.000783075622731567
Master_mpagosdolares	0.000132024744714059	0.0000973464230480096	0.000236165663998409
ctarjeta_master_debitos_automaticos	0.000101186319764643	0.000316792086320598	0.000236165663998409
cseguro_accidentes_personales	0.0000745686826657835	0.00027897111578727	0.000223735892209019
Master_msaldodolares	0.0000661540882157442	0.000108645852575881	0.00011186794610451
cinversion2	0.0000611645654061898	0.000988795344163623	0.000161587033262069
Visa_delinquency	0.0000552026975247092	0.000192502088085153	0.000174016805051459
ctarjeta_visa_descuentos	0.0000539824131167701	0.00170077166737523	0.000335603838313529
cinversion1	0.0000479160984308121	0.000988795344163623	0.000161587033262069
mcheques_depositados	0.0000367223738863294	0.000228183540960836	0.0000372893153681698
Master_madelantopesos	0.0000244506736184656	0.0000108666814538562	0.0000497190871575598
Master_mpagado	0.0000231875615999587	0.000281339817570228	0.00011186794610451
minversion2	0.0000170471601937375	0.000304244721281115	0.0000497190871575598
Master_cadelantosefectivo	0.0000111001150850999	0.0000150120260293821	0.0000372893153681698
Visa_Finiciomora	0.00000959884124872327	0.0000293318414688966	0.0000124297717893899
Visa_madelantodolares	0.0000074340660222522	0.0000201192917812716	0.0000372893153681698
Master_delinquency	0.00000622359847315144	0.0000795324813402606	0.0000745786307363397
Master_madelantodolares	0.00000590370854084322	0.00000705020678172643	0.0000248595435787799
mtarjeta_visa_descuentos	0.00000549023581957935	0.0000381768580775138	0.0000124297717893899
mforex_sell	0.000000710552246601835	0.0000477103587048553	0.0000372893153681698
Visa_madelantopesos	0.000000657235411334482	0.0000403149782709809	0.0000870084025257296
cforex	0.000000197789669905111	0.000014152585559459	0.0000124297717893899
Visa_cadelantosefectivo	0.0000000107499596338028	0.00000281076628483233	0.0000124297717893899
