Feature	Gain	Cover	Frequency
ctrx_quarter	0.18070949871771	0.0264470257891454	0.0253323550260537
mcaja_ahorro	0.0524042032970891	0.0149918730997436	0.0255810772158038
mcuentas_saldo	0.0478556908414537	0.0219426121203554	0.0277325241571427
cpayroll_trx	0.0383123883217235	0.0106647110474522	0.00448943552499036
mpayroll	0.0371694264683715	0.0199124208751751	0.011801867903645
mprestamos_personales	0.03469874478409	0.026007265252922	0.0087798932981806
mtarjeta_visa_consumo	0.0338905731300796	0.00956024023451659	0.0127470122246956
mrentabilidad_annual	0.0272502546752413	0.0290499501769088	0.0327194040616334
mpasivos_margen	0.0266306246868493	0.0163555372577145	0.0213030555521011
mcuenta_corriente	0.0220600376030974	0.0138330084755756	0.0207434306251632
Visa_mpagominimo	0.0215999655026836	0.0145150213998687	0.0224596137344393
cliente_edad	0.0186405859948405	0.0297806961525108	0.0358533036524854
cprestamos_personales	0.0151251700711349	0.00917890271512063	0.00527291042270336
Master_Fvencimiento	0.0149090895630007	0.0163637526027018	0.0273221325440549
Master_fechaalta	0.014547582727445	0.0198528918929493	0.0301451293977192
mactivos_margen	0.0140789545221736	0.0240148453726144	0.0233177052890774
Visa_msaldopesos	0.013885669298526	0.0133158020390913	0.016502717289923
cproductos	0.0136683158654524	0.0159276957969499	0.0138289537501088
Visa_fechaalta	0.0136120861211591	0.0126101357557483	0.0237156607926776
mrentabilidad	0.0125410271587571	0.0143312440303579	0.0214895971944137
Visa_status	0.0124966160176153	0.0118284234401865	0.00281056074417679
Visa_Fvencimiento	0.0121718902009831	0.01566715690711	0.0239892552014028
ctarjeta_visa_transacciones	0.0120262059490931	0.0182011529996646	0.0154953924214349
numero_de_cliente	0.0120213098206923	0.0208911807521251	0.0255935133252913
Master_mfinanciacion_limite	0.0116599677275321	0.0139463351063253	0.0214647249754387
chomebanking_transacciones	0.0104543248256915	0.0186275834491589	0.0242131051721779
Master_status	0.010420225646616	0.00406870091020869	0.00146746091952594
cliente_antiguedad	0.00998359215565249	0.0159238602049448	0.0202708584646379
mcomisiones_mantenimiento	0.00961803451216692	0.0125603385261467	0.0111054457723446
Visa_msaldototal	0.00954316346276316	0.00800805029892002	0.0132320204947084
mtransferencias_recibidas	0.00924828098509096	0.0133418414418787	0.0186044197933119
Visa_mpagospesos	0.00913298481253665	0.0134000573803821	0.0198107224136001
mcomisiones_otras	0.00871601362448952	0.0106828912242534	0.0176965838007238
mcomisiones	0.00801715670013235	0.0114182774257966	0.0166270783847981
Visa_mfinanciacion_limite	0.00797897438252943	0.0113472853118657	0.0166395144942856
ctarjeta_visa	0.00776536036307827	0.000500477200854358	0.000472572160525301
mcaja_ahorro_dolares	0.00744302205430754	0.0140758519190408	0.0149233313850095
Visa_mconsumospesos	0.00739498826105955	0.00812281301320341	0.0162788673191479
ccaja_seguridad	0.00719425162054442	0.0161261200113215	0.00325826068572708
ctarjeta_master	0.00682227335041457	0.000299811340410776	0.000547188817450349
mautoservicio	0.00669962833502721	0.0132631191776882	0.017970178209449
mcuenta_debitos_automaticos	0.00651210043912221	0.0163455510680465	0.0123366206116079
ccomisiones_mantenimiento	0.00628704269078081	0.0122820670458381	0.00616831030580393
Visa_cconsumos	0.00625067094839678	0.0085521147011628	0.0125231622539205
ccomisiones_otras	0.00624489132396076	0.018021354691222	0.0123241845021204
mtransferencias_emitidas	0.00623388953474573	0.0153767755235598	0.014127420377809
Master_mlimitecompra	0.00575281980231075	0.00771624258216077	0.0119137928890326
mttarjeta_visa_debitos_automaticos	0.00505270977532021	0.00830355942464493	0.0120630262028827
Visa_mlimitecompra	0.00495712671982281	0.00731883002749024	0.0107199263782318
ccajas_consultas	0.0048883869027573	0.0135824757403542	0.00363134397035232
ctarjeta_debito_transacciones	0.0047187246747827	0.0121664495530919	0.0150850008083471
ctransferencias_recibidas	0.00464758788021621	0.00941065261061595	0.0100608125753939
mpagomiscuentas	0.00387440885688521	0.0140689593681007	0.00848142667048041
Visa_mconsumosdolares	0.00379991334429284	0.00910360002908271	0.00788449341508003
Master_mpagospesos	0.00376362408830487	0.0122612663532062	0.0083073211376553
Master_msaldopesos	0.00362584589498241	0.00604081179282863	0.00676524356120431
ccaja_ahorro	0.00357084835709414	0.010893067829962	0.00368108840830235
Master_msaldototal	0.00350714351063009	0.00811275996416624	0.00657870191889169
ccallcenter_transacciones	0.00346035390164028	0.00982639577566831	0.00392981059805251
Visa_mconsumototal	0.00331595206629074	0.00376321627374281	0.00710101851736703
tcallcenter	0.00323264503879551	0.00329127688029748	0.00233798858365149
internet	0.00319144169519734	0.0101128124914867	0.00348211065650222
Master_mpagominimo	0.00293600943012764	0.00811167396371834	0.00604394921092885
cdescubierto_preacordado	0.00292008747245578	0.00951210752462669	0.0025120941164766
thomebanking	0.00291614050364276	0.00235622120863192	0.00337018567111465
mextraccion_autoservicio	0.00291331719162805	0.00549361428625817	0.00783474897712999
ctransferencias_emitidas	0.00275646277428743	0.0120057317014285	0.00664088246632923
cpagomiscuentas	0.00238975153650901	0.004437689411258	0.0048625188096156
cmobile_app_trx	0.00234774860925328	0.00324146479305827	0.00524803820372835
Master_mconsumospesos	0.0021583114816461	0.00697113205681222	0.00512367710885327
ctarjeta_visa_debitos_automaticos	0.00198684725502489	0.0052823739665581	0.00472572160525301
mplazo_fijo_dolares	0.00197461779176122	0.0117515630237071	0.0029722301675144
mtarjeta_master_consumo	0.00196906169338754	0.00264770252166528	0.00232555247416398
cextraccion_autoservicio	0.00195994786106557	0.0030345573319216	0.00389250226958998
ctarjeta_debito	0.00194722878783035	0.00364011053164911	0.00401686336446506
Master_fultimo_cierre	0.00173350346258957	0.00400376096209154	0.00355672731342727
tmobile_app	0.00171485377668141	0.00754670347247701	0.001566949795426
ccajas_transacciones	0.00171379482870951	0.00167978036273784	0.000858091554638047
Visa_fultimo_cierre	0.00161484176235365	0.00188863045998994	0.00335774956162714
matm	0.00158017942929116	0.00661802358454404	0.004700849386278
ccuenta_debitos_automaticos	0.00145242305410132	0.00436914695032544	0.00430289388267774
Master_cconsumos	0.00133010831775296	0.0016676101003435	0.00274838019673925
catm_trx	0.00106433177084532	0.00389579422410397	0.00261158299237667
Visa_mpagado	0.000990731784168885	0.00480829553760039	0.00253696633545162
ctarjeta_master_transacciones	0.000923694534016534	0.00157748970661242	0.00149233313850095
Master_mconsumototal	0.000829662623455202	0.00225930994591795	0.00205195806543881
catm_trx_other	0.000728137165164272	0.00586762745462137	0.00192759697056373
Visa_msaldodolares	0.000724506061004449	0.0039920498935591	0.0018778525326137
Visa_mpagosdolares	0.000605864736488671	0.00363533844417433	0.00151720535747597
matm_other	0.000584501635738392	0.00272943531467325	0.00176592754722613
mttarjeta_master_debitos_automaticos	0.000535883366866859	0.00964555975410004	0.00206439417492632
ccajas_otras	0.000444285301778935	0.00457623873902851	0.000945144321050602
cplazo_fijo	0.000354711591042409	0.00164314282133409	0.000547188817450349
cseguro_vivienda	0.000334986538589007	0.00228325210029863	0.000895399883100571
Master_mconsumosdolares	0.00028888285260676	0.000181449827721374	0.000547188817450349
cseguro_vida	0.00025896714903108	0.00330703897658022	0.000783474897713
tcuentas	0.000208153309817248	0.00454283784111442	0.000820783226175523
Master_mpagosdolares	0.000173271288886203	0.000106724732344929	0.000310902737187698
active_quarter	0.000158259038813302	0.000294782958687493	0.000323338846675206
ccajas_extracciones	0.000156036725877082	0.0041722711803719	0.000858091554638047
Master_cadelantosefectivo	0.000151285600226288	0.000051050842773631	0.000111924985387571
ccheques_depositados	0.000146780380255294	0.000904631872884419	0.000149233313850095
cseguro_accidentes_personales	0.000107829322045786	0.000235989893823765	0.000223849970775143
Master_mpagado	0.0000929998537008166	0.000494655792724486	0.000273594408725174
Master_msaldodolares	0.0000779665144323893	0.000137364431172369	0.000136797204362587
ctarjeta_master_debitos_automaticos	0.0000733960979762371	0.000199387175008133	0.000149233313850095
Visa_delinquency	0.0000697307562674932	0.000104554124352653	0.000198977751800127
cinversion2	0.0000677295831326016	0.00113719429543568	0.000186541642312619
ctarjeta_visa_descuentos	0.000056024146406381	0.0017554122383087	0.000348211065650222
Master_madelantopesos	0.0000519681322088087	0.0000236087861371652	0.0000621805474375396
cinversion1	0.0000448949734898962	0.00090975543634854	0.000149233313850095
mcheques_depositados	0.0000361554134981062	0.000227438859087135	0.0000373083284625238
Visa_madelantopesos	0.0000253592090707296	0.00012294137947781	0.000149233313850095
minversion2	0.0000132637802574285	0.000227438859087135	0.0000373083284625238
Visa_Finiciomora	0.0000089503349280117	0.000021896443404435	0.0000124361094875079
Master_madelantodolares	0.00000413375126003681	0.0000022755400577849	0.0000124361094875079
Visa_madelantodolares	0.00000177014819432237	0.0000476763018350509	0.0000373083284625238
mtarjeta_visa_descuentos	0.0000013739081806986	0.0000611702868787976	0.0000124361094875079
Master_delinquency	0.00000101278792397197	0.0000219744460018045	0.0000373083284625238
mforex_sell	0.000000989207030096489	0.0000281454729163156	0.0000248722189750159
