Feature	Gain	Cover	Frequency
ctrx_quarter	0.19377865859453	0.0254562991181329	0.0264426661364879
mcaja_ahorro	0.0532539249186614	0.0148214297065945	0.0246905909836473
mcuentas_saldo	0.050528405338501	0.0232323561890148	0.0297479994035489
mprestamos_personales	0.0382601610161752	0.0255324312573958	0.00874794969928923
mtarjeta_visa_consumo	0.0376416196589097	0.0104098625455804	0.0142029921964312
mpayroll	0.0352032103147326	0.0199615770596508	0.0118296137979025
cpayroll_trx	0.0332559179436562	0.0103224107057763	0.00442367910929967
mrentabilidad_annual	0.0270655688278997	0.029497847840532	0.0328420895670759
mcuenta_corriente	0.0245416047370326	0.0136785219193581	0.0201302251602962
mpasivos_margen	0.0245108782632956	0.0153222030291045	0.0203166161340027
Visa_mpagominimo	0.0209446031670019	0.0164544409747023	0.0236965057905463
cliente_edad	0.0188139310542189	0.0313686714676519	0.0365947611710324
Master_fechaalta	0.0148468195473082	0.019119161223879	0.0304190069088921
mactivos_margen	0.0140409981675445	0.02404729234369	0.0228888115711517
Master_Fvencimiento	0.0133877266300052	0.0149362789432025	0.0254361548784731
mrentabilidad	0.0130747162222704	0.0157084712129578	0.0220189870271882
Visa_fechaalta	0.0130585177122756	0.0124090763182285	0.0234355584273572
Visa_status	0.0129565379486014	0.0127347112638862	0.00288284705999304
Visa_Fvencimiento	0.0124435994276883	0.0161939200209981	0.0241562701923555
numero_de_cliente	0.0121344522653786	0.0214629063429974	0.0258213628907997
Master_status	0.0117673942648908	0.00388002231817442	0.00139171927034147
ctarjeta_visa_transacciones	0.0116093067542443	0.0174664592310192	0.0145633480789304
cliente_antiguedad	0.010889246917563	0.0167426809819911	0.022031413092102
cprestamos_personales	0.01070875054836	0.00962243833118476	0.00540533823748695
chomebanking_transacciones	0.0105796635129733	0.0176779747456424	0.0239574531537353
Master_mfinanciacion_limite	0.0104526325382419	0.0135451058866328	0.0215343704955515
cproductos	0.00967671675233394	0.0155011199380802	0.0135444107560018
mcomisiones_otras	0.00942397286979229	0.0116993920594744	0.0187385058899548
mtransferencias_recibidas	0.00919337365906563	0.012990075423564	0.0184030021372832
Visa_msaldopesos	0.0091044283383729	0.0146782667253773	0.0167006312440976
mcomisiones_mantenimiento	0.00905513869692841	0.0128732990514186	0.010910084994284
Visa_mfinanciacion_limite	0.00891470291129218	0.0100645957832439	0.0164024056861673
Visa_mpagospesos	0.0089081858637972	0.0138859363100284	0.0196953128883145
Visa_msaldototal	0.00888365077547411	0.00774740371188026	0.0128858293155723
ctarjeta_master	0.0080902679206191	0.000245133323441858	0.000472190466722998
mautoservicio	0.00766743294847509	0.0139777216334075	0.0178935334758189
mcomisiones	0.00758273774267041	0.0114300241417299	0.0163527014265123
Visa_mconsumospesos	0.00756289719107778	0.00843820045278512	0.0166757791142701
ccaja_seguridad	0.0071107225597376	0.0166235646502716	0.00329290720214722
mcaja_ahorro_dolares	0.00697156630293157	0.013905050577207	0.0141781400666037
mtransferencias_emitidas	0.00696999594588777	0.014665562685116	0.0154331726228938
ccomisiones_otras	0.00651702617382054	0.0175315722879239	0.0131716288085889
Visa_cconsumos	0.00643368855307142	0.00866886670148935	0.0130846463541926
ccomisiones_mantenimiento	0.00615923113907755	0.0115661027258588	0.00572841592524479
Master_mlimitecompra	0.00600492319207157	0.00815227375618022	0.012798846861176
mcuenta_debitos_automaticos	0.00588278167400863	0.0155220182783326	0.0112083105522143
Visa_mlimitecompra	0.0053457809639463	0.00673339707433083	0.0106864158258363
mttarjeta_visa_debitos_automaticos	0.00506497102018703	0.0083565711617395	0.0114692579154034
ccajas_consultas	0.00496973463181181	0.0132494327090604	0.00347929817585367
mpagomiscuentas	0.00438566762829811	0.0135504501579398	0.00910830558178836
Master_mpagospesos	0.00426718996405316	0.0127426133611334	0.00876037576420299
ctransferencias_recibidas	0.004235254811058	0.0086030757342185	0.00928227049058104
ctarjeta_debito_transacciones	0.00422740289472626	0.0123497091360822	0.0140166012227248
ccallcenter_transacciones	0.00387674473450889	0.0102121371303775	0.00429941846016204
Visa_mconsumosdolares	0.00369611014474211	0.00910917976982821	0.00777871663601571
ctarjeta_visa	0.00368075304998066	0.000816488803175855	0.000571598986033103
Master_msaldototal	0.00365204634982962	0.00834989538096847	0.00668522292360455
Master_msaldopesos	0.00352670931288674	0.00622027128990116	0.00683433570256971
internet	0.00347633269629671	0.0101445934141669	0.00354142850042249
ccaja_ahorro	0.00339185797155767	0.0124548455534789	0.0038396540583528
Visa_mconsumototal	0.00314499882708648	0.00399973053577223	0.00677220537800089
thomebanking	0.0029538754805987	0.00268671306402717	0.00376509766887022
ctransferencias_emitidas	0.00284753575869887	0.0111117947824167	0.0065361101446394
Master_mpagominimo	0.00281482165757478	0.00703572546160099	0.00587752870420995
tcallcenter	0.00277979329686362	0.00344123384687277	0.00214970923008102
cdescubierto_preacordado	0.00263639329190526	0.0116749947666839	0.00269645608628659
mextraccion_autoservicio	0.0023593091590646	0.00495811813421352	0.00672250111834584
cpagomiscuentas	0.00232521954145877	0.00456193983585614	0.00484616531636761
cmobile_app_trx	0.0021693817016687	0.00307396585424674	0.00484616531636761
Master_mconsumospesos	0.00212397339451637	0.00585813063726504	0.00505740841990159
ctarjeta_debito	0.00200021191491717	0.00316751280952896	0.00403847109697301
mplazo_fijo_dolares	0.00189594288526645	0.0123233225270104	0.0030319598389582
ctarjeta_visa_debitos_automaticos	0.00180083078146628	0.00531123696868741	0.00461007008300611
Master_fultimo_cierre	0.00178692107705726	0.00466159780244574	0.0037402455390427
matm	0.00174590163900104	0.00648677936094934	0.00469705253740246
ccuenta_debitos_automaticos	0.00168887278875521	0.0048512027865112	0.00448580943386848
tmobile_app	0.00167602308255626	0.00793392724268835	0.00162781450370297
mtarjeta_master_consumo	0.0016251360848594	0.00194868841177369	0.00201302251602962
cextraccion_autoservicio	0.00162049665580764	0.00306290703231539	0.00362841095481883
Visa_fultimo_cierre	0.00158654006022359	0.00220497826974451	0.00335503752671604
ccajas_transacciones	0.00156840842080382	0.00183098493876207	0.000907102738704707
catm_trx	0.00112751140301787	0.00472991620657128	0.0027958646055967
Master_cconsumos	0.0010513156519558	0.00135470428401823	0.00233610020378746
Master_mconsumototal	0.000895827196318333	0.00310922467367582	0.00213728316516725
Visa_mpagado	0.000873733852529414	0.00424906643595971	0.00211243103533973
ctarjeta_master_transacciones	0.000841798977467225	0.00132922747741024	0.00123018042646255
Visa_msaldodolares	0.000713041102159455	0.00314397061884859	0.00167751876335802
Visa_mpagosdolares	0.000692509314681259	0.00370544216544439	0.00170237089318555
matm_other	0.000675395391552518	0.00249463627850948	0.00166509269844426
catm_trx_other	0.00061437175718522	0.00557424702224634	0.00178935334758189
ccajas_otras	0.000478254889232405	0.0054281793119914	0.00106864158258363
cplazo_fijo	0.000469355545169906	0.00166999338244004	0.000608877180774392
mttarjeta_master_debitos_automaticos	0.000403291333774604	0.00522954269175151	0.00125503255629007
Master_mconsumosdolares	0.000311931509608547	0.000193644394798819	0.000608877180774392
cseguro_vida	0.000307841387187274	0.00364297389401637	0.000882250608877181
cseguro_vivienda	0.000227091031476866	0.00267117909863056	0.000795268154480839
ccajas_extracciones	0.000167849061057664	0.0036464966902983	0.000807694219394602
ctarjeta_master_debitos_automaticos	0.000167722907337543	0.000232544294180604	0.000298225557930315
tcuentas	0.000166238125741558	0.00393684289496599	0.000708285700084497
active_quarter	0.000157441457510617	0.000355447573462646	0.000372781947412893
Master_mpagosdolares	0.000156787014795009	0.000113185784826843	0.000347929817585367
ccheques_depositados	0.000107471296010021	0.00068705327311065	0.000111834584223868
cseguro_accidentes_personales	0.0000919800268092148	0.000217721900906241	0.00019881703862021
mcheques_depositados	0.0000750539848308638	0.0004580355154071	0.0000745563894825787
cinversion2	0.0000704774557308822	0.00114508878851775	0.000186390973706447
Master_madelantopesos	0.0000653712914353558	0.0000416405273585172	0.000124260649137631
Master_msaldodolares	0.0000563822942753308	0.0000600114307562849	0.0000869824543963418
ctarjeta_visa_descuentos	0.0000537025469821226	0.00182429372968616	0.00036035588249913
cinversion1	0.0000515146371601171	0.0010687495359499	0.000173964908792684
Master_mpagado	0.0000327343044124838	0.000323868170986298	0.000124260649137631
Visa_delinquency	0.0000271153746418863	0.0000315728571348818	0.0000869824543963418
Master_delinquency	0.0000264938916579885	0.0000251799286200685	0.0000621303245688156
minversion2	0.0000181195114329894	0.0003053570102714	0.0000497042596550524
mtarjeta_visa_descuentos	0.00000412271816668817	0.0000365688227710743	0.0000124260649137631
Visa_Finiciomora	0.00000410460841026415	0.00000394637337966501	0.0000124260649137631
Master_madelantodolares	0.00000303608028972981	0.00000262514945229464	0.0000124260649137631
Visa_madelantopesos	0.00000193566482923214	0.0000577710538773186	0.000111834584223868
Visa_cadelantosefectivo	0.00000136773915455687	0.000010395872345721	0.0000372781947412893
mforex_sell	0.000000102544488453408	0.0000138237611763932	0.0000124260649137631
cforex	0.000000100827928955973	0.0000127741689198658	0.0000124260649137631
cforex_sell	0.0000000731150940361413	0.000014180014761905	0.0000124260649137631
