Feature	Gain	Cover	Frequency
ctrx_quarter	0.162648058173576	0.0263159459426215	0.0274101457045837
mcaja_ahorro	0.0480228627464978	0.0141835491640632	0.0256135301144755
mcuentas_saldo	0.0434654726088079	0.0214420822570745	0.0296770795119978
cpayroll_trx	0.0356217899728732	0.0100688538293859	0.00480665218086557
mprestamos_personales	0.0355852860742085	0.0235648887692977	0.00800481605854521
mpasivos_margen	0.0341231407282271	0.0156594299459725	0.022998560826255
mtarjeta_visa_consumo	0.0316256622625806	0.00967978179458676	0.0147209602016725
mpayroll	0.0286796509185623	0.0188174734950604	0.0114381390448778
mrentabilidad_annual	0.0267761537216261	0.02664704279668	0.0303731504736104
mcuenta_corriente	0.0220687538368385	0.0129019579721581	0.0215687934456453
cliente_edad	0.0218935089010897	0.0314716274774367	0.0375784255627357
Visa_mpagominimo	0.0206137322275827	0.0157363104376146	0.0231772817488313
Master_status	0.0165839360190568	0.00295226089289227	0.00119460827195681
Master_fechaalta	0.0163438056690843	0.0190085146135868	0.0302226486440726
Master_Fvencimiento	0.0152632265190827	0.0158185399009141	0.0266388238282022
Visa_fechaalta	0.0150726443684636	0.0129195028743514	0.0236852254235216
mactivos_margen	0.0150719526319016	0.0273315837063796	0.0246258618581332
mrentabilidad	0.0137866033159461	0.0142938519275856	0.0211737261431084
Visa_Fvencimiento	0.0132918702789126	0.0151155035833534	0.0228856844541016
numero_de_cliente	0.0130780235141539	0.0194396965987203	0.0249644909745934
Visa_status	0.013056473753892	0.00963145208153624	0.00205999379179953
cliente_antiguedad	0.0123588242981236	0.015257118407152	0.0216064189030298
cproductos	0.0122201210103333	0.0130122680192488	0.0128773127898336
ctarjeta_visa_transacciones	0.0122114289762984	0.0188723410199778	0.0152383102407089
chomebanking_transacciones	0.0120709611823768	0.0179471332081802	0.0239486036252128
Visa_msaldopesos	0.01199245231312	0.0137575255638823	0.0167339221717414
Visa_msaldototal	0.0118700366762904	0.00754436297450446	0.0133852564645239
mcomisiones_mantenimiento	0.0110472126301697	0.0133481639355553	0.0112500117579554
Master_mfinanciacion_limite	0.0109315054905419	0.0139044921918371	0.0208350970266482
cprestamos_personales	0.0107550662650635	0.0135656990339037	0.00542747222770927
mtransferencias_recibidas	0.0104598017337643	0.0137688094298054	0.0186057886766186
Visa_mpagospesos	0.00995085277913532	0.0140340142689846	0.0198098033129215
mcomisiones_otras	0.00989472744810002	0.0108495119439883	0.0176839649706992
Visa_mconsumospesos	0.00979622745606858	0.00954552620730626	0.0192077959947701
Visa_mfinanciacion_limite	0.00932416903795835	0.013032361765717	0.0170067067377788
mautoservicio	0.00776591737481131	0.0147971525692402	0.0177309967924298
mcaja_ahorro_dolares	0.00751737325270515	0.0128869048596212	0.0136298219375229
mcomisiones	0.00745713350791671	0.0108399943433866	0.0151442465972477
ccomisiones_mantenimiento	0.00710444388220629	0.0110731130408325	0.00571906952243888
ccomisiones_otras	0.00683346295604195	0.0175296232900987	0.0120119272699909
Master_mlimitecompra	0.0068074227383411	0.00936210815232882	0.0131595037202171
Visa_cconsumos	0.00678686714144234	0.00793088656967143	0.0122564927429899
ccaja_seguridad	0.00660251284088578	0.0137041507658311	0.00266200110995099
mtransferencias_emitidas	0.00656147752353842	0.0161478239557422	0.0137709174027147
ctarjeta_debito_transacciones	0.00637252613083601	0.0150805877753215	0.0166022330708958
mcuenta_debitos_automaticos	0.00618447588222071	0.0158027859472461	0.0111935735718787
Visa_mlimitecompra	0.00596266574098267	0.00879358032372695	0.0110148526493025
mttarjeta_visa_debitos_automaticos	0.00570937656891425	0.0100634688445296	0.0112688244866477
active_quarter	0.00545980931110311	0.000692827182609808	0.000611413682497578
ccajas_consultas	0.00493850682823179	0.0134862348987158	0.00322638297071799
Master_mpagospesos	0.00477324857293836	0.0129687839023551	0.00889842067142629
ctarjeta_master	0.00473798479342685	0.000233771790739997	0.00038566093819078
ctransferencias_recibidas	0.00451129253251837	0.00849230523093472	0.00925586251657872
mpagomiscuentas	0.00429347036202078	0.0128459351923741	0.00815531788808308
Visa_mconsumosdolares	0.0039873603552582	0.0085560032731741	0.00740280874039375
Master_msaldopesos	0.00384440371809155	0.00615991768162861	0.00651861049185879
Master_msaldototal	0.00378473565036829	0.00788999095203579	0.00639632775535928
ccallcenter_transacciones	0.00358227600888745	0.00875572276337278	0.00364026300194712
internet	0.00321120833949497	0.00906716005256441	0.00320757024202575
ctransferencias_emitidas	0.00319536422312532	0.0123088545747054	0.00655623594924326
Visa_mconsumototal	0.00319137411105625	0.00299688246037443	0.00607651136759131
Master_mpagominimo	0.00316763851586593	0.00689698809080979	0.00569085042940053
ccaja_ahorro	0.00312629694765158	0.010621912977413	0.0034615420793709
mextraccion_autoservicio	0.00302009849103112	0.00544911222450956	0.00755331056993162
tcallcenter	0.00296332198626515	0.00319079856518009	0.00237040381522138
thomebanking	0.00292211610600323	0.00264533901142624	0.00321697660637187
cmobile_app_trx	0.00271704743883144	0.00304793663262529	0.00500418583213402
cdescubierto_preacordado	0.00258442732890841	0.00707989022636344	0.00202236833441507
ctarjeta_visa_debitos_automaticos	0.00248340739653277	0.00547897445004428	0.00499477946778791
ctarjeta_debito	0.00241699115840232	0.00364958891609101	0.00454327397917431
cpagomiscuentas	0.00238190742123362	0.0040045637350108	0.00460911852959713
Master_mconsumospesos	0.00235337751331477	0.00760796187928594	0.00496656037474956
Master_fultimo_cierre	0.00218667373797163	0.00501192615121113	0.004195238498368
ctarjeta_visa	0.00202236507625173	0.000382106920256583	0.000376254573844663
mtarjeta_master_consumo	0.00194457642127123	0.00379642201195965	0.00266200110995099
mplazo_fijo_dolares	0.00190518480478741	0.0103558053804028	0.00254912473779759
matm	0.00187724343584319	0.00512102995845685	0.00498537310344179
ccajas_transacciones	0.00187171164270208	0.00191071183477909	0.000978261891996125
Visa_fultimo_cierre	0.00178327407496488	0.00199169378467969	0.00316994478464129
ccuenta_debitos_automaticos	0.00174307319335353	0.00454382173496927	0.00400711121144566
tmobile_app	0.00158529015512666	0.00651290853746222	0.00131689100845632
cextraccion_autoservicio	0.00155725853176596	0.00288843700677774	0.00338629116460197
catm_trx	0.00117250182086406	0.00373816439062453	0.00270903293168158
Master_cconsumos	0.00106718687981867	0.00136822883261853	0.00213524470656846
Visa_mpagado	0.00100598370202374	0.00426075799087303	0.00217287016395293
Master_mconsumototal	0.000901155122905438	0.00244434246891266	0.00191889832660778
matm_other	0.000818831829685385	0.00331778150947715	0.00197533651268448
catm_trx_other	0.000815603011873189	0.00695739719730281	0.00213524470656846
Visa_msaldodolares	0.000814781843527502	0.00378531011917778	0.00182483468314662
Visa_mpagosdolares	0.000763361691720032	0.00293242854559884	0.00155205011710924
ctarjeta_master_transacciones	0.000755393145790121	0.00239565707494173	0.00149561193103254
mttarjeta_master_debitos_automaticos	0.000507468213238117	0.0058728973413552	0.00139214192322525
ccajas_otras	0.00042800817829218	0.00496447208493166	0.000959449163303891
cplazo_fijo	0.000406616902080032	0.00159648817605627	0.000554975496420878
cseguro_vivienda	0.000366584729524805	0.00207483531259191	0.000837166426804376
cseguro_vida	0.000285574227589671	0.00330630827077728	0.000752509147689327
ccheques_depositados	0.000271681053472514	0.00200860865821189	0.000291597294729614
minversion2	0.000234494891116272	0.00271207713416052	0.000489130945998062
cprestamos_prendarios	0.000211328251520887	0.00318235407697993	0.000460911852959713
tcuentas	0.00018880485190379	0.00368093011064062	0.000620820046843694
ccajas_extracciones	0.000183193398656807	0.00364433382153662	0.000790134605073793
cseguro_accidentes_personales	0.00017778737545649	0.000441512512889984	0.00035744184515243
Master_mconsumosdolares	0.000167605820814161	0.000176917874880291	0.000442099124267479
mcheques_depositados	0.000156589337256562	0.000996326596243306	0.000159908193883982
cinversion1	0.000115267634638445	0.00372720990384726	0.000545569132074762
Master_mpagosdolares	0.00011331496844988	0.0000617456412826684	0.000235159108652915
ctarjeta_master_debitos_automaticos	0.000106580653192435	0.00033048098789135	0.000244565472999031
mtarjeta_visa_descuentos	0.0000859532496508074	0.0015162527919101	0.000310410023421847
Master_mpagado	0.0000761454441569716	0.000638981380472851	0.000216346379960681
Master_cadelantosefectivo	0.000065051438883276	0.0000163423041324512	0.0000470318217305829
Master_msaldodolares	0.0000619752017868903	0.000142947716804093	0.000141095465191749
ccheques_emitidos	0.0000532116033814222	0.000396430057389234	0.0000564381860766995
cinversion2	0.0000519738903336688	0.00254962361671006	0.000366848209498547
Visa_delinquency	0.0000492753367853581	0.0000800225420936857	0.000122282736499516
ctarjeta_visa_descuentos	0.0000412042486490992	0.000995380137002318	0.000197533651268448
minversion1_pesos	0.0000405340104793474	0.000929347711111256	0.000141095465191749
Visa_madelantodolares	0.0000246079305429109	0.0000163099327176248	0.0000376254573844663
Master_delinquency	0.0000199116681622191	0.0000223334437314576	0.0000564381860766995
mcheques_emitidos	0.0000170843415795182	0.000132143352463078	0.0000188127286922332
mcaja_ahorro_adicional	0.0000155616249685188	0.0000536888007750487	0.0000282190930383497
Visa_Finiciomora	0.00000738698855732252	0.00010661565937362	0.0000188127286922332
cseguro_auto	0.00000323381913522709	0.000165069532411123	0.0000282190930383497
Master_madelantopesos	0.00000177315557753785	0.00000570829436196027	0.0000282190930383497
Visa_madelantopesos	0.00000141264461980119	0.000101750235725203	0.0000940636434611658
cforex_sell	0.00000107640344963184	0.0000262957049062159	0.0000188127286922332
mforex_sell	0.000000960198123979142	0.000031564557311907	0.0000188127286922332
Master_madelantodolares	0.0000000000000142813194342847	0.00000194714060181136	0.00000940636434611658
