Feature	Gain	Cover	Frequency
ctrx_quarter	0.146767221159161	0.0262876865174588	0.0268945440886468
mcaja_ahorro	0.0535343052262756	0.0147479916645736	0.0252418067424171
mcuentas_saldo	0.0472913277295303	0.0215240740633045	0.0279744576955583
mpasivos_margen	0.0412262298138123	0.0156725608337009	0.0228941684665227
cpayroll_trx	0.0360931052856776	0.0092440911934969	0.00477040097661752
mpayroll	0.030607410852322	0.0196817523905757	0.0114470842332613
mtarjeta_visa_consumo	0.0300226081583826	0.0100227442737632	0.0149779322002066
mrentabilidad_annual	0.0276474606451556	0.0274646549941149	0.0317118978307822
mprestamos_personales	0.0262333331859784	0.025080342128855	0.00815100009390553
cliente_edad	0.0208931374389033	0.0304297193897003	0.0368860925908536
mcuenta_corriente	0.0200833470121778	0.0132665802193899	0.0205371396375247
Visa_mpagominimo	0.0197410429631531	0.0160313208975677	0.0225279368954831
cprestamos_personales	0.0194272589024636	0.0138090911695319	0.00571884684007888
ctarjeta_visa_transacciones	0.0162425280515362	0.0183539951984978	0.015926378063668
Master_fechaalta	0.0160603436822943	0.0192167128077579	0.0298337872100667
Visa_fechaalta	0.0154889643082053	0.0132465448972366	0.0244154380693023
Master_Fvencimiento	0.0154590065528061	0.0163101320558873	0.0266785613672645
cproductos	0.015164403572822	0.0139970930748986	0.0127617616677622
mactivos_margen	0.014642275127253	0.0268447644223545	0.0233167433561837
Visa_Fvencimiento	0.014523087033226	0.0164393989262219	0.0253920555920744
mrentabilidad	0.0139704838089818	0.0137518669074	0.0209691050802892
numero_de_cliente	0.0133237863689812	0.0205077474675424	0.0255704761010424
Visa_msaldototal	0.0127147945469175	0.00735028643815668	0.0132970231946662
chomebanking_transacciones	0.0123423853408717	0.0183187442349924	0.0244623908348202
cliente_antiguedad	0.0121373778285291	0.0165124620538397	0.0221429242182365
Visa_msaldopesos	0.0119816443285157	0.0125167263990961	0.0171471499671331
Master_mfinanciacion_limite	0.0111155777821268	0.0132954037293287	0.0208564184430463
Master_status	0.0108072915164391	0.00346620975322061	0.00123955300967227
Visa_status	0.0107089791609971	0.0117136661319195	0.00246032491313738
mcomisiones_mantenimiento	0.0105127898963625	0.0126765167020069	0.0114752558925721
Visa_mpagospesos	0.0101585013318461	0.015575052527559	0.0203868907878674
mtransferencias_recibidas	0.00990494689185394	0.0123788734240284	0.0174194760071368
mcomisiones_otras	0.00948511346015374	0.0104208313163037	0.0172692271574796
ctarjeta_master	0.00940606695913554	0.000229175518973721	0.000413184336557423
Visa_mfinanciacion_limite	0.00932861224908603	0.0139352714233232	0.0172410554981688
Visa_mconsumospesos	0.0091113994596792	0.00882791165526951	0.0177950981312799
mautoservicio	0.0085503121651412	0.0144753957726157	0.0186872006761198
mcaja_ahorro_dolares	0.0078867022429227	0.0117561177187502	0.0135036153629449
ccomisiones_otras	0.0074029628833961	0.0168887099809005	0.0124988261808621
mcomisiones	0.00724576058354313	0.0108372525458618	0.0155883181519392
ccomisiones_mantenimiento	0.00724003431779268	0.0114423918631246	0.00565311296835384
Visa_cconsumos	0.00712848982153577	0.00774434960295649	0.0131937271105268
mtransferencias_emitidas	0.00677641219829442	0.0173576356208172	0.0141327824208846
Master_mlimitecompra	0.00668277771897365	0.00826073323524564	0.0122734529063762
ccaja_seguridad	0.00651837567870083	0.013318466659774	0.00256362099727674
mcuenta_debitos_automaticos	0.00627638121601681	0.0161257506704884	0.0115315992111935
mttarjeta_visa_debitos_automaticos	0.00593459341930141	0.00996052371024227	0.0117006291670579
Visa_mlimitecompra	0.00575560468617586	0.00703248416319677	0.0102920462015213
ctarjeta_debito_transacciones	0.00505343242522607	0.0130174882030977	0.0144426706733027
ccajas_consultas	0.00493203081939595	0.0130582406756233	0.00330547469245939
ctransferencias_recibidas	0.00479878394655062	0.00764006747289605	0.00936238144426707
Master_mpagospesos	0.00455996548696043	0.0123837084631416	0.00841393558080571
mpagomiscuentas	0.00422903637801891	0.0118817867024189	0.00799136069114471
Visa_mconsumosdolares	0.00392745055186581	0.00850527757452523	0.00769086299183022
Master_msaldopesos	0.00380842672522464	0.00503567080519272	0.00627288947318997
Master_msaldototal	0.00372878552490364	0.00739724245622682	0.00642313832284722
internet	0.00372170727039823	0.00913344870144326	0.00295802422762701
ccallcenter_transacciones	0.00361270186995481	0.00847389690564056	0.00385951732557048
Visa_mconsumototal	0.0033210467953989	0.00340951333202178	0.0063010611325007
Master_mpagominimo	0.0033085114827482	0.00737004450236202	0.0061320311766363
ctransferencias_emitidas	0.00323012686475983	0.0137738353560332	0.00674241712836886
ccaja_ahorro	0.00320101631959084	0.0101199223761974	0.00347450464832379
tcallcenter	0.00318945839465952	0.00325474883462574	0.0026669170814161
ctarjeta_visa	0.00310219329467302	0.000503175888146316	0.00046952765517889
mextraccion_autoservicio	0.00292182778113496	0.00487351168474098	0.00681754155319748
cdescubierto_preacordado	0.00291797539723015	0.00741559240572261	0.00199079725795849
thomebanking	0.00284834627401033	0.00253709209874855	0.00338059911728801
cpagomiscuentas	0.00246246551451527	0.00431461543653923	0.00473283876420321
ctarjeta_visa_debitos_automaticos	0.0024559573110486	0.00510987125622973	0.00490186872006761
cmobile_app_trx	0.00243255400992433	0.00282893316812473	0.00465771433937459
Master_fultimo_cierre	0.00233827277919433	0.00520410460442343	0.00431026387454221
Master_mconsumospesos	0.00224265261794635	0.00669178102839963	0.00463893323316743
ctarjeta_debito	0.00221051981167642	0.00359930124740618	0.0041036717062635
matm	0.00209347863389692	0.00622945784597299	0.00532444360972861
mtarjeta_master_consumo	0.00193189491726703	0.00332255739871336	0.00268569818762325
cextraccion_autoservicio	0.00190306743666764	0.00288068865869085	0.00361536294487745
mplazo_fijo_dolares	0.00185885049801801	0.0106592020183305	0.00246971546624096
ccajas_transacciones	0.0018127410296079	0.00192298150645473	0.000995398628979247
ccuenta_debitos_automaticos	0.00163236824165386	0.00401924074290769	0.00433843553385294
Visa_fultimo_cierre	0.00161612278249587	0.0019769239398146	0.00305192975866279
tmobile_app	0.00147246027324346	0.00614758187643736	0.00121138135036154
Visa_mpagado	0.00115869478190566	0.00425939341329117	0.00231946661658372
Master_cconsumos	0.00112358066503315	0.00146178554329473	0.00208470278899427
catm_trx	0.0010772125883465	0.00395888904345593	0.00247910601934454
Master_mconsumototal	0.00106712818879169	0.00307041069500014	0.00221617053244436
ctarjeta_master_transacciones	0.000984035017870001	0.00156628592305183	0.00141797351864025
Visa_msaldodolares	0.000815334929761409	0.00379478184237844	0.00179359564278336
catm_trx_other	0.000788956034734663	0.00843986814043644	0.00235702882899803
matm_other	0.000771008898902419	0.00323723752979767	0.00226312329796225
Visa_mpagosdolares	0.000686747876779785	0.00335533324899222	0.00155883181519392
mttarjeta_master_debitos_automaticos	0.000526646796965628	0.00496011316437538	0.00128650577519016
ccajas_otras	0.000439605096053516	0.00602271799164974	0.0010986947131186
cseguro_vivienda	0.000388445065233682	0.00184595391351378	0.000779415907596957
ccheques_depositados	0.000340938693200638	0.00233812072112805	0.000347450464832379
cplazo_fijo	0.000314931800530179	0.00157019986761192	0.000497699314489624
cseguro_vida	0.000295268391579462	0.00323439058375458	0.000723072588975491
active_quarter	0.000282631437571591	0.000555870660740283	0.000572823739318246
Master_mconsumosdolares	0.000269992063734277	0.000169996305392343	0.000460137102075312
minversion2	0.000266172058561561	0.00305949053101118	0.000610385951732557
cseguro_accidentes_personales	0.00021223716245872	0.000506981516190286	0.000422574889661001
cprestamos_prendarios	0.000206800368389129	0.00331105038554005	0.000478918208282468
ccajas_extracciones	0.000171503864489277	0.00402099280297254	0.000788806460700535
tcuentas	0.000161580559377234	0.00364794950895764	0.000600995398628979
ctarjeta_master_debitos_automaticos	0.000148025379628056	0.000253379814499341	0.000234763827589445
Master_mpagado	0.000129689226922717	0.000332905558134834	0.000225373274485867
cinversion1	0.000126121357510229	0.00411946140777974	0.000600995398628979
mtarjeta_visa_descuentos	0.000124313767305108	0.00215978081066565	0.000441355995868157
Master_mpagosdolares	0.000116985103965472	0.000105925065276959	0.000262935486900178
mcheques_depositados	0.0000952435143529893	0.000717765052393307	0.000122077190346511
Master_msaldodolares	0.0000919100569957905	0.000107614479595543	0.000140858296553667
Master_madelantopesos	0.000051744663080803	0.000020963691696335	0.0000751244248286224
cinversion2	0.0000419921191493274	0.00207974298857521	0.00030049769931449
Visa_delinquency	0.0000402539110830254	0.0000964720242488767	0.000122077190346511
Master_cadelantosefectivo	0.0000400294186449634	0.00000748394376488914	0.0000281716593107334
ctarjeta_visa_descuentos	0.0000359677468048474	0.000925156826643801	0.000178420508967978
mcaja_ahorro_adicional	0.0000351528958390153	0.00019167415859608	0.0000751244248286224
ccheques_emitidos	0.0000345669523918848	0.000263975433106045	0.0000375622124143112
Visa_Finiciomora	0.0000288841197472367	0.000449049963374811	0.0000751244248286224
mcheques_emitidos	0.000026816767599171	0.000197981574829534	0.0000281716593107334
Visa_madelantopesos	0.0000153507675830137	0.0000442792259572263	0.000093905531035778
mtarjeta_master_descuentos	0.0000102660936210136	0.0000852729856475204	0.0000281716593107334
minversion1_pesos	0.00000964453344368749	0.000263975433106045	0.0000375622124143112
Master_delinquency	0.00000638702101138843	0.0000321679844570552	0.0000751244248286224
Master_madelantodolares	0.0000045529125883619	0.00000547604655562364	0.0000187811062071556
cforex	0.00000301084787850423	0.0000407132684134764	0.0000187811062071556
mforex_sell	0.000000854266726305587	0.0000512191621448869	0.0000375622124143112
Visa_madelantodolares	0.000000000192588680725668	0.0000204362549294084	0.0000281716593107334
