Feature	Gain	Cover	Frequency
ctrx_quarter	0.175776608745767	0.0276256027146408	0.0270229596395685
mcaja_ahorro	0.0482398569155022	0.0150359060123633	0.0267690021351242
mcuentas_saldo	0.0452373240020436	0.021237201768387	0.0291016488426122
mpayroll	0.0376020527850716	0.0194797764900407	0.0112023476960411
mprestamos_personales	0.034133092563417	0.0255904226606307	0.00879445432056962
mtarjeta_visa_consumo	0.0287180638309882	0.00913726196198146	0.0140805327464093
mrentabilidad_annual	0.0287119636974168	0.0269316103123702	0.0325912130703462
mcuenta_corriente	0.0279168925704745	0.0144225458273517	0.0207492686964455
cpayroll_trx	0.0273662554348804	0.00911779102247293	0.00449598841201313
mpasivos_margen	0.0265179001404565	0.0162167109933361	0.0228937987339748
Visa_mpagominimo	0.022032144479121	0.0164612791313596	0.0243517029261548
cliente_edad	0.0201675319024386	0.0288505200631724	0.0348486131098507
Master_fechaalta	0.0161512985069702	0.0188967940334616	0.0298070863549573
ctarjeta_visa_transacciones	0.015688940818856	0.0182300452295074	0.0158018002765315
Master_Fvencimiento	0.0155942646986763	0.0159967854923626	0.026938307138087
mrentabilidad	0.0145868543966821	0.0142307920334328	0.021266589538832
mactivos_margen	0.014565941125034	0.0279660433166249	0.0245774429301053
Visa_fechaalta	0.0143756076434569	0.0124572725516256	0.0226492470630285
Master_status	0.0143060827998714	0.002970549641204	0.000997018350781154
Visa_Fvencimiento	0.0141351728366008	0.0143628538871869	0.0241165570887064
numero_de_cliente	0.0136246707536627	0.0183479654142499	0.0248690237685413
chomebanking_transacciones	0.0128515451183482	0.019017473155426	0.0253581271104339
cliente_antiguedad	0.0125340837297303	0.0155349927586039	0.0220378678856627
Visa_msaldopesos	0.0124864889327839	0.013194884452594	0.0173913861376826
cproductos	0.0114796375631503	0.0116750864452287	0.0120206552103615
cprestamos_personales	0.0107569958201286	0.0120511135491762	0.00521083175785622
Master_mfinanciacion_limite	0.0107357773510977	0.0136188741850144	0.0204482820245116
Visa_status	0.0106796712801746	0.0121893231661964	0.00269006838040953
mtransferencias_recibidas	0.0106265894897491	0.0127129397095188	0.0188398844963646
mcomisiones_mantenimiento	0.00999426716918791	0.0123295626936441	0.0113528410320081
Visa_mfinanciacion_limite	0.00954713811904751	0.0136538985021364	0.0172597044687115
Visa_mpagospesos	0.00939361216913148	0.0137160753396004	0.0192725528372697
mcomisiones_otras	0.00918224107244831	0.00922275073087072	0.0164131794538973
Visa_mconsumospesos	0.00895777899977119	0.00862704959787869	0.0174101978046785
Visa_msaldototal	0.00884024963536598	0.00701363471691655	0.0125850052202376
mcomisiones	0.00777907018239924	0.0112523182054637	0.0161498161159551
mautoservicio	0.00750398279856353	0.012971780088517	0.0171468344667363
mcaja_ahorro_dolares	0.00740092035165586	0.013588443260597	0.0133562835670683
Visa_cconsumos	0.00694745791328875	0.0087574345691057	0.0134221244015538
mtransferencias_emitidas	0.0068113445420584	0.0178696339681557	0.0141557794143928
ccomisiones_otras	0.00679695336996273	0.0175218317672477	0.0124721352182624
ctarjeta_master	0.00660388430153154	0.000189794005471637	0.000423262507407094
Master_mlimitecompra	0.00659463434539493	0.00846559132041542	0.0123404535492913
ccaja_seguridad	0.00655189411680631	0.0130303811079895	0.00260541587892811
mcuenta_debitos_automaticos	0.00618380491090468	0.0170049251720329	0.0118795677078924
ccomisiones_mantenimiento	0.0057744735746445	0.0116314165715451	0.00588805176970757
ctarjeta_debito_transacciones	0.00554376122208525	0.0133820073748189	0.0156983361080542
mttarjeta_visa_debitos_automaticos	0.00549284949156379	0.00963910079444585	0.0107508676881402
Visa_mlimitecompra	0.00535218769788003	0.00873335613189664	0.00989493683982806
ccajas_consultas	0.00495684315952477	0.0129962599136128	0.0033202592247712
Master_mpagospesos	0.00466631712503067	0.0118377343783564	0.00869099015209233
mpagomiscuentas	0.00457691155486692	0.0139645521735215	0.00855930848312123
ctransferencias_recibidas	0.00453451120157542	0.00778886101527637	0.00899197682402626
ccallcenter_transacciones	0.00410102507400795	0.00895278191301111	0.0039034209016432
Master_msaldototal	0.00395044318654918	0.00857160003751736	0.00643359011258783
Master_msaldopesos	0.003942638893431	0.00637763077429128	0.00673457678452176
Visa_mconsumosdolares	0.00393893263988633	0.00901644380505629	0.00771278346830704
internet	0.00358090218884571	0.00876811003609485	0.00312273672131456
Visa_mconsumototal	0.00343137790239958	0.00353832933007083	0.0069038817874846
Master_mpagominimo	0.00331279918115756	0.00759196252480844	0.00624547344262912
ctransferencias_emitidas	0.00330482145108354	0.0119642707006689	0.00688507012048873
ccaja_ahorro	0.00323059206694804	0.0103711895819719	0.00348015839423611
mextraccion_autoservicio	0.00297629455715107	0.00498185436994768	0.0071954626259206
thomebanking	0.0029516793884625	0.00260129817434547	0.00337669422575882
tcallcenter	0.00261643115609885	0.00304846322122972	0.00226680587300244
cpagomiscuentas	0.00259114578958465	0.00441223982259835	0.00498509175390577
cdescubierto_preacordado	0.00257335206625827	0.00807964880726433	0.00214453003752928
ctarjeta_visa_debitos_automaticos	0.00256713669744295	0.00535248369341761	0.005097961755881
cmobile_app_trx	0.00253513816807471	0.00291077589206223	0.0046746992484739
Master_fultimo_cierre	0.00232864903346939	0.00532313643569454	0.00432668340905029
ctarjeta_debito	0.00229799771463579	0.00325614155565737	0.00420440757357713
Master_mconsumospesos	0.00222754743370303	0.00721584434288656	0.00489103341892642
matm	0.00188833187131523	0.00512105335168884	0.00458064091349455
mplazo_fijo_dolares	0.00183161440298664	0.0109829857244246	0.00248314004345495
Visa_fultimo_cierre	0.00174958272699764	0.00241249957859309	0.00326382422378359
ccuenta_debitos_automaticos	0.00172029658078128	0.00486758052817679	0.00426084257456474
ccajas_transacciones	0.00167633176284874	0.00160191084620668	0.000865336681810059
mtarjeta_master_consumo	0.00158166169294211	0.00262261001733481	0.00246432837645908
tmobile_app	0.00155746054607789	0.00658962886450061	0.00129800502271509
cextraccion_autoservicio	0.00139309223001039	0.00274921807362703	0.00334847672526501
catm_trx	0.0012794645698352	0.00395487162459174	0.00259601004543018
ctarjeta_visa	0.0012511078399928	0.000526501216508756	0.000423262507407094
Master_cconsumos	0.00123606196119864	0.0015479701174198	0.00257719837843431
Visa_mpagado	0.000967733462524397	0.00430799705099836	0.00221037087201482
catm_trx_other	0.000896027721379485	0.00786452222893734	0.00236086420798179
matm_other	0.000895247369348673	0.00354590492193425	0.00221977670551276
Master_mconsumototal	0.0008922087104143	0.00285582161856121	0.00192819586707676
ctarjeta_master_transacciones	0.000879041432272631	0.00184397957893506	0.00145790419217999
Visa_msaldodolares	0.000844942588222636	0.00374040354807903	0.00188116669958708
Visa_mpagosdolares	0.000638595079062917	0.00315959970888546	0.00146731002567793
mttarjeta_master_debitos_automaticos	0.000509955896066369	0.00634120522656453	0.00149552752617173
ccajas_otras	0.000465084186699459	0.00624258188537966	0.00111929418625431
cplazo_fijo	0.000409718621072219	0.00136425133523474	0.000470291674896771
cseguro_vida	0.000276625895550922	0.00328722251889148	0.000724249179341027
ccheques_depositados	0.000270414433416945	0.00193449859240562	0.000291580838435998
cseguro_vivienda	0.000245945066140683	0.00189609753923603	0.000658408344855479
cseguro_accidentes_personales	0.00023482330952727	0.000616065926248463	0.000479697508394706
Master_mconsumosdolares	0.000221527495618197	0.000178265790722986	0.0004514800079009
minversion2	0.000207706774523645	0.0023604178882819	0.000423262507407094
active_quarter	0.000201073341451971	0.000350027969280212	0.000413856673909158
cprestamos_prendarios	0.000200772949086495	0.00298189771500346	0.000432668340905029
ccajas_extracciones	0.000187240235808977	0.00389555205632187	0.000818307514320382
tcuentas	0.000153769235751677	0.00365421073838833	0.000611379177365802
mcheques_depositados	0.000146753732213387	0.000921887628996344	0.000159899169464902
Master_mpagosdolares	0.000120054773077991	0.0000848145500794132	0.000216334170452515
cinversion1	0.000107854716129258	0.00365775955538744	0.000536132509382319
mtarjeta_visa_descuentos	0.0000997700838952651	0.00141157964188655	0.000319798338929804
Master_msaldodolares	0.0000906603241946294	0.000147320235450685	0.000159899169464902
ctarjeta_master_debitos_automaticos	0.0000895645924035819	0.000167654803715645	0.000141087502469031
Master_mpagado	0.0000714575428522942	0.000306581357533633	0.000178710836460773
cinversion2	0.0000582244140576957	0.00280296415346881	0.000413856673909158
Visa_delinquency	0.0000573235275621596	0.000165476992329862	0.000150493335966967
ctarjeta_visa_descuentos	0.0000543024103624125	0.00151215753252016	0.000282175004938063
ccheques_emitidos	0.0000453047948371231	0.000328810831264166	0.0000470291674896771
Master_madelantopesos	0.0000452995620055954	0.0000382378382156295	0.000112870001975225
mcaja_ahorro_adicional	0.0000406309968067103	0.000324392340510331	0.00010346416847729
minversion1_pesos	0.0000344058161645124	0.000855444634735528	0.00012227583547316
Master_delinquency	0.0000303490780235773	0.0000195652414819367	0.0000752466679834834
Master_cadelantosefectivo	0.0000268565738132455	0.00000885592250232875	0.0000282175004938063
mcheques_emitidos	0.000020065303352804	0.000131400530940583	0.0000188116669958708
Master_madelantodolares	0.0000164921830800379	0.0000113460588000257	0.0000376233339917417
Visa_Finiciomora	0.0000150283763724927	0.000222693707192803	0.0000376233339917417
mtarjeta_master_descuentos	0.00000998190400489381	0.0000906262114403271	0.0000282175004938063
Visa_madelantodolares	0.00000396766775598341	0.00000755826286831289	0.0000188116669958708
cseguro_auto	0.00000300806229899515	0.000169724611131889	0.0000282175004938063
cforex	0.00000288841467618335	0.0000293605567193247	0.0000188116669958708
mforex_sell	0.000000561037266117249	0.0000205143062142682	0.0000188116669958708
Visa_madelantopesos	0.000000370092675399006	0.0000709263679963527	0.000112870001975225
cforex_sell	0.0000000604847613269011	0.0000119759476223756	0.00000940583349793542
