Feature	Gain	Cover	Frequency
ctrx_quarter	0.166353458160722	0.0252206171743061	0.0257649104667011
mcaja_ahorro	0.0533951802219723	0.0153308539313698	0.0258307092165249
mcuentas_saldo	0.0460792804283591	0.021382811401436	0.0294778399210415
mprestamos_personales	0.0332937055529658	0.0243656044310431	0.00849743854866758
mpayroll	0.0325136236441377	0.0183487682918172	0.011589979790384
mpasivos_margen	0.0319430070640804	0.0154856252953191	0.0235747520797105
cpayroll_trx	0.0300403694762001	0.010338966882048	0.00472811016590685
mtarjeta_visa_consumo	0.0295388909767665	0.00972995331106401	0.0144757249612257
mrentabilidad_annual	0.02725597069363	0.0269036612386644	0.0315270009869812
mcuenta_corriente	0.0210368592848148	0.0129866107243284	0.0203506133383466
cliente_edad	0.0210334174034024	0.0310802410271875	0.0370728956149833
Visa_mpagominimo	0.0203264619742793	0.015362915525797	0.023179959580768
Master_fechaalta	0.0164160492133662	0.0198754139799131	0.0304742209898012
Visa_fechaalta	0.0151412117795912	0.0128786345449584	0.0235465526155003
mactivos_margen	0.0150500335519343	0.0268429035579016	0.0231423602951544
ctarjeta_visa_transacciones	0.014921066976669	0.0175377608190207	0.0159138976359449
Master_Fvencimiento	0.0149202554120151	0.0153595976809261	0.0265638952859896
Visa_Fvencimiento	0.0147593349274993	0.016164597972213	0.0257085115382808
mrentabilidad	0.0142791297501279	0.014641329506051	0.0215443906565775
numero_de_cliente	0.0137669609592129	0.0196815587749966	0.0256615124312638
cprestamos_personales	0.0130446102342286	0.0137956163418558	0.00539549748554778
Visa_msaldototal	0.0121632969298005	0.00750551322493369	0.0131879494289609
cliente_antiguedad	0.0120151435164329	0.0159536656008185	0.0215349908351741
chomebanking_transacciones	0.0118515331199309	0.0181811468427843	0.0233115570804155
Visa_msaldopesos	0.0114764728210523	0.0130809382577054	0.0171922733468064
cproductos	0.0112811296529599	0.0131793539220706	0.0128025567514217
Master_status	0.0109152287175849	0.00296326241904032	0.00115617803261738
Master_mfinanciacion_limite	0.0107335387235944	0.0128484940206805	0.0202566151243126
Visa_mpagospesos	0.0105639686182372	0.0141087721842382	0.0195704281618649
Visa_mfinanciacion_limite	0.00984681142861993	0.0128254706654584	0.0169948770973352
mcomisiones_mantenimiento	0.00981940598725958	0.0127435109299997	0.011326784791089
ctarjeta_master	0.0097203136291987	0.000221058786163538	0.000488790712976454
mtransferencias_recibidas	0.00968584364641155	0.0129958101298475	0.0175588663815388
mcomisiones_otras	0.00926972008159989	0.0108782047293441	0.0175588663815388
Visa_mconsumospesos	0.00896157314774077	0.00879042963825863	0.0178972599520609
Visa_status	0.0085804063227564	0.0106022690152148	0.00220895802979743
mautoservicio	0.00795679140762619	0.0143234675265138	0.0182450533439865
mcaja_ahorro_dolares	0.00773006272101814	0.013764335131686	0.0140621328194764
mcomisiones	0.00748030974140439	0.0108073129592259	0.0158856981717347
ccomisiones_mantenimiento	0.00737347577914541	0.0119818494319408	0.00624148141185318
mtransferencias_emitidas	0.00716452082315238	0.0167957599955716	0.0146073224608732
Visa_cconsumos	0.00698453648355104	0.00831694603138599	0.0125299619307233
ccomisiones_otras	0.00698446550814382	0.0170245123526208	0.0123607651454622
Master_mlimitecompra	0.006685351541059	0.0083534419210399	0.0128213563942285
ctarjeta_debito_transacciones	0.00657785939487709	0.0137018615749783	0.0147859190675377
ccaja_seguridad	0.00655132772595271	0.0134745795071097	0.00266954927856371
mcuenta_debitos_automaticos	0.00648514863824972	0.0173224301017778	0.0118437749682756
Visa_mlimitecompra	0.00618456568108344	0.00858428338128762	0.0109507919349532
mttarjeta_visa_debitos_automaticos	0.00577021182724499	0.0104410037394091	0.0114677821121399
ctarjeta_visa	0.00517534689900355	0.000474132715310364	0.0004229919631527
ccajas_consultas	0.00506764942493156	0.0130833335365079	0.0032429383841707
ctransferencias_recibidas	0.00483881524882808	0.00883672153154149	0.0093058231893594
Master_mpagospesos	0.00449643517196081	0.0127251290838367	0.00828124265638953
mpagomiscuentas	0.0042198688065717	0.0134314527748213	0.00816844479954881
Visa_mconsumosdolares	0.00420009755362829	0.00866137581327733	0.0074728580156977
Master_msaldopesos	0.00417983359497077	0.00678455086631272	0.00717206373078912
ccallcenter_transacciones	0.00401683709551391	0.00872662635847874	0.00379752784697091
internet	0.00347018937139497	0.00871311343148703	0.00305494195610283
Master_mpagominimo	0.00346221925754789	0.00720438305548721	0.00576209052028012
Master_msaldototal	0.00340379213901822	0.00767826170159575	0.00600648587676834
ccaja_ahorro	0.00323639067285844	0.0103618973343824	0.00343093481223857
ctransferencias_emitidas	0.00316452365548016	0.0124826977863745	0.00682427033886356
Visa_mconsumototal	0.0031597481990357	0.00315433700013276	0.00628848051887014
thomebanking	0.00284626103385532	0.00243498913213132	0.00344033463364196
cdescubierto_preacordado	0.00269868346247711	0.00696416850171278	0.00187056445927527
mextraccion_autoservicio	0.00266384066928259	0.00495690345711082	0.00696526765991446
tcallcenter	0.00258788086086689	0.00290422182599922	0.00218075856558725
ctarjeta_visa_debitos_automaticos	0.00256444692580132	0.00538909657746844	0.0053672980213376
cmobile_app_trx	0.00254137742353856	0.00272439212965964	0.00475630963011703
cpagomiscuentas	0.00247133311491861	0.00438043376771929	0.00494430605818489
Master_fultimo_cierre	0.00235315092658436	0.0049240675373102	0.00419232034591343
Master_mconsumospesos	0.00219878549826133	0.00726349918261535	0.00470931052310006
ctarjeta_debito	0.00219354559438307	0.00354494880754401	0.00406072284626592
matm	0.00208512376995453	0.00543726834048943	0.00499130516520186
mplazo_fijo_dolares	0.00193985618058421	0.0107052627723201	0.00263194999295013
mtarjeta_master_consumo	0.00187575296236138	0.00399055387349357	0.00246275320768905
Visa_fultimo_cierre	0.00173382339323191	0.00210388162434893	0.0032429383841707
cextraccion_autoservicio	0.00159673676544182	0.00277973922702274	0.00360953141890304
ccajas_transacciones	0.0015905357408861	0.00185879491999836	0.00093058231893594
tmobile_app	0.00146302787368283	0.0065578956909739	0.00124077642524792
ccuenta_debitos_automaticos	0.00133658786719332	0.00403260818331646	0.00368472999013019
Master_cconsumos	0.001225482606025	0.00152334319239783	0.00227475677962119
catm_trx	0.00109339106535152	0.00385534462630785	0.00251915213610941
Visa_mpagado	0.00103903935006668	0.00459436528668701	0.00237815481505851
ctarjeta_master_transacciones	0.000936288344328056	0.00244678214392214	0.00157916999577008
Master_mconsumototal	0.000874217699124204	0.00235700281279084	0.00171076749541759
catm_trx_other	0.000840528072397904	0.00706075357526302	0.00221835785120083
matm_other	0.000791788503228349	0.00315325609522962	0.00203976124453635
Visa_mpagosdolares	0.000779897031558109	0.00317950237280681	0.00165436856699723
Visa_msaldodolares	0.00074711193519918	0.00381052504183365	0.00170136767401419
mttarjeta_master_debitos_automaticos	0.000523849322262484	0.00537780281771809	0.00137237392489543
ccajas_otras	0.000425081373524795	0.00534417560766886	0.00102458053296987
cseguro_vivienda	0.000352907475173555	0.00213955229400391	0.000836584104902007
Master_mconsumosdolares	0.000321235424055589	0.000223027115607867	0.000554589462800207
cplazo_fijo	0.000293831371792082	0.00115359616180719	0.000404192320345913
minversion2	0.000283742700962391	0.00303385649599199	0.000610988391220567
ccheques_depositados	0.000273319103435258	0.00196068999947414	0.000291394463505193
cseguro_vida	0.000271570186859651	0.00354697085909302	0.00076138553367486
active_quarter	0.000229206252816957	0.000369567283699049	0.000404192320345913
cprestamos_prendarios	0.000202264672028666	0.00313199102814031	0.00045119142736288
cseguro_accidentes_personales	0.000191444948379709	0.000468268119537283	0.000413592141749307
tcuentas	0.00016694863682054	0.00348041926953697	0.000573389105606993
ccajas_extracciones	0.000166785478601986	0.00402047829757601	0.000780185176481647
mcheques_depositados	0.000162647303255729	0.00113595955837444	0.00019739624947126
ctarjeta_master_debitos_automaticos	0.000155218429546521	0.000236753719241492	0.000206796070874653
Master_mpagosdolares	0.000146158196037498	0.0000981171633475591	0.000263194999295013
cinversion1	0.000106484325225229	0.00366249075295146	0.00053578981999342
Master_mpagado	0.000102858208788203	0.000375274348488488	0.00025379517789162
mtarjeta_visa_descuentos	0.000101773257097789	0.00167489688502482	0.000347793391925553
Master_msaldodolares	0.0000807340533259185	0.000189520275387167	0.000178596606664473
cinversion2	0.0000484661056819759	0.00241926673211263	0.000357193213328947
ctarjeta_visa_descuentos	0.0000420963292906591	0.000996216246339022	0.00019739624947126
ccheques_emitidos	0.0000378006373717628	0.000263611540175693	0.0000375992856135733
minversion1_pesos	0.0000362297700019386	0.000923364225288482	0.000131597499647507
Visa_delinquency	0.0000321118841996077	0.000063974948159502	0.000122197678244113
mcaja_ahorro_adicional	0.0000313840792038115	0.000184335486397343	0.0000657987498237534
Visa_Finiciomora	0.0000293124152769837	0.000537462594288131	0.0000939982140339334
Master_madelantopesos	0.0000248778335052631	0.00000766933534978163	0.0000375992856135733
Visa_madelantopesos	0.0000170401685697848	0.0000319109301787248	0.0000751985712271467
mcheques_emitidos	0.0000168836275949159	0.000131909175041212	0.0000187996428067867
Visa_madelantodolares	0.0000102836653635611	0.0000113680820605811	0.0000469991070169667
mtarjeta_master_descuentos	0.00000936458084682052	0.000091222557296818	0.00002819946421018
Master_delinquency	0.00000720332073177485	0.000069314036728176	0.0000657987498237534
Master_madelantodolares	0.00000571383283593474	0.00000167144412900386	0.00000939982140339334
Master_cadelantosefectivo	0.0000048932462044343	0.00000153491727651394	0.00000939982140339334
cseguro_auto	0.00000407542997491366	0.000218792359627085	0.0000375992856135733
mforex_sell	0.00000161330749706795	0.0000602652954575272	0.0000469991070169667
cforex_sell	0.000000381668636846768	0.000013254818533896	0.00000939982140339334
cforex	0.0000000722645904489004	0.0000106967577149058	0.00000939982140339334
Visa_cadelantosefectivo	0.00000000204963978408912	0.00000341034383305453	0.00000939982140339334
